[[ 18  16  14 255]
 [ 18  16  14 255]
 [ 18  16  14 255]
 ...
 [ 20  19  18 255]
 [ 16  18  22 255]
 [  0   0   0 255]][[ 28  42  53 255]
 [ 28  42  53 255]
 [ 28  42  53 255]
 ...
 [ 21  26  32 255]
 [ 16  18  23 255]
 [  0   0   0 255]][[ 66 133 186 255]
 [ 66 133 186 255]
 [ 66 133 186 255]
 ...
 [ 26  49  75 255]
 [ 14  17  24 255]
 [  0   0   0 255]][[ 65 130 181 255]
 [ 65 130 181 255]
 [ 65 130 181 255]
 ...
 [ 24  46  72 255]
 [ 14  16  24 255]
 [  0   0   0 255]][[ 66 131 182 255]
 [ 66 131 182 255]
 [ 66 131 182 255]
 ...
 [ 24  46  72 255]
 [ 14  16  24 255]
 [  0   0   0 255]][[ 67 132 183 255]
 [ 66 132 183 255]
 [ 66 132 183 255]
 ...
 [ 24  46  72 255]
 [ 14  16  24 255]
 [  0   0   0 255]][[ 67 132 184 255]
 [ 67 132 184 255]
 [ 67 132 183 255]
 ...
 [ 24  46  72 255]
 [ 14  16  24 255]
 [  0   0   0 255]][[ 69 134 186 255]
 [ 68 134 185 255]
 [ 68 134 185 255]
 ...
 [ 24  46  72 255]
 [ 14  16  23 255]
 [  0   0   0 255]][[ 70 136 187 255]
 [ 70 136 187 255]
 [ 70 136 187 255]
 ...
 [ 24  46  73 255]
 [ 14  16  23 255]
 [  0   0   0 255]][[ 70 136 187 255]
 [ 70 136 187 255]
 [ 70 136 187 255]
 ...
 [ 24  46  73 255]
 [ 14  16  23 255]
 [  0   0   0 255]][[ 70 136 187 255]
 [ 70 136 187 255]
 [ 71 136 188 255]
 ...
 [ 24  46  73 255]
 [ 14  16  23 255]
 [  0   0   0 255]][[ 70 136 188 255]
 [ 71 136 188 255]
 [ 71 136 189 255]
 ...
 [ 25  46  73 255]
 [ 14  16  23 255]
 [  0   0   0 255]][[ 71 137 189 255]
 [ 71 137 189 255]
 [ 71 137 189 255]
 ...
 [ 25  46  73 255]
 [ 14  16  23 255]
 [  0   0   0 255]][[ 71 137 189 255]
 [ 71 137 189 255]
 [ 72 138 190 255]
 ...
 [ 24  46  73 255]
 [ 14  16  23 255]
 [  0   0   0 255]][[ 72 138 190 255]
 [ 72 138 190 255]
 [ 72 138 190 255]
 ...
 [ 24  46  73 255]
 [ 14  16  23 255]
 [  0   0   0 255]][[ 72 138 190 255]
 [ 72 139 191 255]
 [ 73 139 191 255]
 ...
 [ 24  46  73 255]
 [ 14  16  23 255]
 [  0   0   0 255]][[ 72 139 191 255]
 [ 73 140 192 255]
 [ 73 140 192 255]
 ...
 [ 24  46  73 255]
 [ 14  16  23 255]
 [  0   0   0 255]][[ 73 140 192 255]
 [ 74 141 193 255]
 [ 74 141 193 255]
 ...
 [ 25  46  73 255]
 [ 14  16  23 255]
 [  0   0   0 255]][[ 74 141 193 255]
 [ 74 141 193 255]
 [ 74 141 193 255]
 ...
 [ 25  46  73 255]
 [ 14  16  23 255]
 [  0   0   0 255]][[ 75 142 194 255]
 [ 75 142 194 255]
 [ 74 141 194 255]
 ...
 [ 24  46  73 255]
 [ 14  16  23 255]
 [  0   0   0 255]][[ 75 142 194 255]
 [ 74 142 194 255]
 [ 77 144 195 255]
 ...
 [ 24  47  73 255]
 [ 14  16  23 255]
 [  0   0   0 255]][[ 75 142 194 255]
 [ 74 142 194 255]
 [ 82 147 196 255]
 ...
 [ 24  53  77 255]
 [ 14  18  24 255]
 [  0   0   0 255]][[ 75 142 194 255]
 [ 74 141 194 255]
 [ 84 148 197 255]
 ...
 [ 25  59  84 255]
 [ 14  19  25 255]
 [  0   0   0 255]][[ 75 142 194 255]
 [ 74 141 194 255]
 [ 88 150 198 255]
 ...
 [ 25  51  76 255]
 [ 14  17  23 255]
 [  0   0   0 255]][[ 75 142 194 255]
 [ 75 143 194 255]
 [ 92 153 200 255]
 ...
 [ 28  50  76 255]
 [ 14  16  23 255]
 [  0   0   0 255]][[ 76 143 195 255]
 [ 76 143 195 255]
 [ 98 157 202 255]
 ...
 [ 29  52  79 255]
 [ 14  17  24 255]
 [  0   0   0 255]][[ 76 143 195 255]
 [ 77 143 195 255]
 [103 160 204 255]
 ...
 [ 30  61  87 255]
 [ 14  19  26 255]
 [  0   0   0 255]][[ 76 143 195 255]
 [ 77 143 195 255]
 [107 163 206 255]
 ...
 [ 31  55  81 255]
 [ 14  17  24 255]
 [  0   0   0 255]][[ 76 143 195 255]
 [ 78 144 196 255]
 [114 166 208 255]
 ...
 [ 31  53  80 255]
 [ 13  16  23 255]
 [  0   0   0 255]][[ 76 144 196 255]
 [ 79 145 197 255]
 [118 170 210 255]
 ...
 [ 31  53  80 255]
 [ 13  16  23 255]
 [  0   0   0 255]][[ 76 144 196 255]
 [ 79 145 197 255]
 [121 172 211 255]
 ...
 [ 30  52  79 255]
 [ 13  16  23 255]
 [  0   0   0 255]][[ 76 144 196 255]
 [ 80 146 197 255]
 [124 174 212 255]
 ...
 [ 30  52  79 255]
 [ 13  16  23 255]
 [  0   0   0 255]][[ 76 143 196 255]
 [ 84 149 198 255]
 [129 176 213 255]
 ...
 [ 30  52  79 255]
 [ 13  16  23 255]
 [  0   0   0 255]][[ 76 143 196 255]
 [ 87 151 199 255]
 [134 179 215 255]
 ...
 [ 30  52  79 255]
 [ 13  16  23 255]
 [  0   0   0 255]][[ 75 142 195 255]
 [ 90 152 200 255]
 [137 181 215 255]
 ...
 [ 30  52  79 255]
 [ 13  16  23 255]
 [  0   0   0 255]][[ 74 141 194 255]
 [ 95 155 201 255]
 [139 182 216 255]
 ...
 [ 30  52  79 255]
 [ 13  16  23 255]
 [  0   0   0 255]][[ 73 140 193 255]
 [100 157 202 255]
 [141 183 216 255]
 ...
 [ 29  52  78 255]
 [ 14  16  23 255]
 [  0   0   0 255]][[ 72 140 192 255]
 [104 160 203 255]
 [142 184 216 255]
 ...
 [ 29  52  78 255]
 [ 14  16  23 255]
 [  0   0   0 255]][[ 70 138 190 255]
 [109 163 204 255]
 [144 185 217 255]
 ...
 [ 29  51  78 255]
 [ 14  16  23 255]
 [  0   0   0 255]][[ 70 138 191 255]
 [115 167 206 255]
 [146 186 217 255]
 ...
 [ 29  51  78 255]
 [ 14  16  23 255]
 [  0   0   0 255]][[ 71 139 191 255]
 [121 171 209 255]
 [148 188 219 255]
 ...
 [ 29  52  78 255]
 [ 14  16  23 255]
 [  0   0   0 255]][[ 73 141 193 255]
 [125 173 211 255]
 [150 189 219 255]
 ...
 [ 29  53  79 255]
 [ 14  16  23 255]
 [  0   0   0 255]][[ 75 143 195 255]
 [122 172 211 255]
 [151 190 220 255]
 ...
 [ 30  59  86 255]
 [ 14  19  25 255]
 [  0   0   0 255]][[ 77 145 197 255]
 [ 97 157 204 255]
 [139 183 217 255]
 ...
 [ 30  58  85 255]
 [ 14  18  25 255]
 [  0   0   0 255]][[ 80 147 199 255]
 [ 79 147 199 255]
 [ 99 159 205 255]
 ...
 [ 29  51  77 255]
 [ 14  16  23 255]
 [  0   0   0 255]][[ 80 147 199 255]
 [ 80 147 199 255]
 [ 81 147 199 255]
 ...
 [ 29  52  77 255]
 [ 14  16  23 255]
 [  0   0   0 255]][[ 80 147 199 255]
 [ 80 147 199 255]
 [ 79 147 199 255]
 ...
 [ 29  52  78 255]
 [ 14  16  23 255]
 [  0   0   0 255]][[ 79 146 198 255]
 [ 79 146 198 255]
 [ 79 146 198 255]
 ...
 [ 29  51  78 255]
 [ 14  16  23 255]
 [  0   0   0 255]][[ 77 144 196 255]
 [ 77 144 196 255]
 [ 78 145 196 255]
 ...
 [ 29  51  78 255]
 [ 14  16  23 255]
 [  0   0   0 255]][[ 76 143 194 255]
 [ 77 143 195 255]
 [ 77 144 195 255]
 ...
 [ 28  51  77 255]
 [ 14  16  23 255]
 [  0   0   0 255]][[ 75 142 192 255]
 [ 75 142 193 255]
 [ 75 142 193 255]
 ...
 [ 28  50  76 255]
 [ 14  16  23 255]
 [  0   0   0 255]][[ 73 140 191 255]
 [ 73 140 191 255]
 [ 73 140 191 255]
 ...
 [ 27  50  76 255]
 [ 14  16  23 255]
 [  0   0   0 255]][[ 73 140 191 255]
 [ 73 140 191 255]
 [ 73 140 191 255]
 ...
 [ 27  50  76 255]
 [ 14  16  23 255]
 [  0   0   0 255]][[ 74 141 191 255]
 [ 74 141 191 255]
 [ 74 141 191 255]
 ...
 [ 28  50  76 255]
 [ 14  16  23 255]
 [  0   0   0 255]][[ 74 141 191 255]
 [ 74 141 191 255]
 [ 74 141 191 255]
 ...
 [ 28  50  76 255]
 [ 14  16  23 255]
 [  0   0   0 255]][[ 74 141 191 255]
 [ 74 141 191 255]
 [ 74 141 191 255]
 ...
 [ 26  49  72 255]
 [ 14  16  23 255]
 [  0   0   0 255]][[ 74 141 191 255]
 [ 74 141 191 255]
 [ 74 141 191 255]
 ...
 [ 24  47  66 255]
 [ 14  16  24 255]
 [  0   0   0 255]][[ 75 142 190 255]
 [ 75 142 190 255]
 [ 75 142 190 255]
 ...
 [ 26  50  63 255]
 [ 14  16  24 255]
 [  0   0   0 255]][[ 76 143 191 255]
 [ 76 143 191 255]
 [ 76 143 191 255]
 ...
 [ 26  53  62 255]
 [ 14  16  24 255]
 [  0   0   0 255]][[ 77 144 192 255]
 [ 77 144 192 255]
 [ 77 144 192 255]
 ...
 [ 27  53  62 255]
 [ 14  16  24 255]
 [  0   0   0 255]][[ 78 145 192 255]
 [ 78 145 192 255]
 [ 78 145 192 255]
 ...
 [ 27  53  62 255]
 [ 14  16  24 255]
 [  0   0   0 255]][[ 78 145 192 255]
 [ 78 145 192 255]
 [ 78 145 192 255]
 ...
 [ 27  52  62 255]
 [ 14  16  24 255]
 [  0   0   0 255]][[ 78 146 192 255]
 [ 78 146 192 255]
 [ 78 146 192 255]
 ...
 [ 27  52  62 255]
 [ 14  16  24 255]
 [  0   0   0 255]][[ 79 146 192 255]
 [ 79 146 192 255]
 [ 79 146 192 255]
 ...
 [ 27  53  63 255]
 [ 14  16  24 255]
 [  0   0   0 255]][[ 81 147 193 255]
 [ 81 147 193 255]
 [ 81 147 193 255]
 ...
 [ 27  53  63 255]
 [ 14  16  24 255]
 [  0   0   0 255]][[ 81 148 194 255]
 [ 81 148 194 255]
 [ 81 148 194 255]
 ...
 [ 25  50  61 255]
 [ 14  16  24 255]
 [  0   0   0 255]][[ 82 149 194 255]
 [ 82 148 193 255]
 [ 82 148 193 255]
 ...
 [ 22  45  58 255]
 [ 14  16  24 255]
 [  0   0   0 255]][[ 82 149 194 255]
 [ 82 149 194 255]
 [ 81 149 193 255]
 ...
 [ 18  41  54 255]
 [ 14  17  25 255]
 [  0   0   0 255]][[ 60 125 153 255]
 [ 59 122 152 255]
 [ 58 120 150 255]
 ...
 [ 16  39  52 255]
 [ 14  17  25 255]
 [  0   0   0 255]][[ 29  86  96 255]
 [ 26  81  92 255]
 [ 25  77  89 255]
 ...
 [ 14  35  51 255]
 [ 15  17  25 255]
 [  0   0   0 255]][[ 22  72  77 255]
 [ 20  70  75 255]
 [ 19  66  73 255]
 ...
 [ 14  35  51 255]
 [ 15  17  25 255]
 [  0   0   0 255]][[ 22  67  71 255]
 [ 22  65  70 255]
 [ 22  65  70 255]
 ...
 [ 14  35  52 255]
 [ 15  17  25 255]
 [  0   0   0 255]][[ 22  65  69 255]
 [ 22  65  70 255]
 [ 22  65  71 255]
 ...
 [ 14  35  52 255]
 [ 15  17  25 255]
 [  0   0   0 255]][[ 22  65  69 255]
 [ 23  65  70 255]
 [ 23  65  72 255]
 ...
 [ 14  34  53 255]
 [ 15  17  25 255]
 [  0   0   0 255]][[ 22  65  68 255]
 [ 23  65  70 255]
 [ 23  65  72 255]
 ...
 [ 14  34  53 255]
 [ 15  17  25 255]
 [  0   0   0 255]][[ 22  64  71 255]
 [ 22  64  73 255]
 [ 22  64  75 255]
 ...
 [ 14  34  53 255]
 [ 15  17  25 255]
 [  0   0   0 255]][[ 20  62  82 255]
 [ 20  62  83 255]
 [ 21  62  84 255]
 ...
 [ 14  34  53 255]
 [ 15  17  25 255]
 [  0   0   0 255]][[ 20  61  88 255]
 [ 20  61  89 255]
 [ 20  61  90 255]
 ...
 [ 14  34  53 255]
 [ 15  17  25 255]
 [  0   0   0 255]][[ 20  61  89 255]
 [ 20  61  90 255]
 [ 20  61  90 255]
 ...
 [ 14  34  53 255]
 [ 15  17  25 255]
 [  0   0   0 255]][[ 20  61  90 255]
 [ 20  61  90 255]
 [ 20  61  90 255]
 ...
 [ 14  34  53 255]
 [ 15  17  25 255]
 [  0   0   0 255]][[ 20  61  90 255]
 [ 20  61  90 255]
 [ 20  61  90 255]
 ...
 [ 14  34  53 255]
 [ 15  17  25 255]
 [  0   0   0 255]][[ 20  61  90 255]
 [ 20  61  90 255]
 [ 20  61  90 255]
 ...
 [ 14  34  53 255]
 [ 15  17  25 255]
 [  0   0   0 255]][[ 20  61  90 255]
 [ 20  61  90 255]
 [ 20  61  90 255]
 ...
 [ 15  34  53 255]
 [ 15  17  25 255]
 [  0   0   0 255]][[ 20  61  90 255]
 [ 20  61  90 255]
 [ 20  61  90 255]
 ...
 [ 15  34  53 255]
 [ 15  17  25 255]
 [  0   0   0 255]][[ 20  61  90 255]
 [ 20  61  90 255]
 [ 20  61  90 255]
 ...
 [ 15  34  53 255]
 [ 15  17  25 255]
 [  0   0   0 255]][[ 20  61  90 255]
 [ 20  61  90 255]
 [ 20  61  90 255]
 ...
 [ 15  34  53 255]
 [ 15  17  25 255]
 [  0   0   0 255]][[ 20  61  90 255]
 [ 20  61  90 255]
 [ 20  61  90 255]
 ...
 [ 15  34  53 255]
 [ 15  17  25 255]
 [  0   0   0 255]][[ 20  61  90 255]
 [ 20  61  90 255]
 [ 20  61  90 255]
 ...
 [ 15  34  54 255]
 [ 15  17  25 255]
 [  0   0   0 255]][[ 20  61  90 255]
 [ 20  61  90 255]
 [ 20  61  90 255]
 ...
 [ 15  34  54 255]
 [ 15  17  25 255]
 [  0   0   0 255]][[ 20  61  90 255]
 [ 20  61  90 255]
 [ 20  61  90 255]
 ...
 [ 15  34  54 255]
 [ 15  17  25 255]
 [  0   0   0 255]][[ 20  61  90 255]
 [ 20  61  90 255]
 [ 20  61  90 255]
 ...
 [ 15  34  54 255]
 [ 15  17  25 255]
 [  0   0   0 255]][[ 20  61  90 255]
 [ 20  61  90 255]
 [ 20  61  90 255]
 ...
 [ 15  34  54 255]
 [ 15  17  25 255]
 [  0   0   0 255]][[ 20  61  90 255]
 [ 20  61  90 255]
 [ 20  61  90 255]
 ...
 [ 15  34  54 255]
 [ 15  17  25 255]
 [  0   0   0 255]][[ 20  61  90 255]
 [ 20  61  90 255]
 [ 20  61  90 255]
 ...
 [ 15  34  54 255]
 [ 15  17  25 255]
 [  0   0   0 255]][[ 20  61  90 255]
 [ 20  61  90 255]
 [ 20  61  90 255]
 ...
 [ 15  34  54 255]
 [ 15  17  25 255]
 [  0   0   0 255]][[ 20  61  90 255]
 [ 20  61  90 255]
 [ 20  61  90 255]
 ...
 [ 15  34  54 255]
 [ 15  17  25 255]
 [  0   0   0 255]][[ 20  61  90 255]
 [ 20  61  90 255]
 [ 20  61  91 255]
 ...
 [ 15  34  54 255]
 [ 15  17  25 255]
 [  0   0   0 255]][[ 21  61  91 255]
 [ 21  62  91 255]
 [ 21  62  92 255]
 ...
 [ 15  34  54 255]
 [ 15  17  25 255]
 [  0   0   0 255]][[ 21  61  92 255]
 [ 21  62  92 255]
 [ 21  62  92 255]
 ...
 [ 15  34  54 255]
 [ 15  17  25 255]
 [  0   0   0 255]][[ 22  62  93 255]
 [ 22  62  93 255]
 [ 22  62  93 255]
 ...
 [ 15  34  54 255]
 [ 15  17  25 255]
 [  0   0   0 255]][[ 22  62  93 255]
 [ 22  62  93 255]
 [ 22  62  93 255]
 ...
 [ 15  34  54 255]
 [ 15  17  25 255]
 [  0   0   0 255]][[ 22  62  93 255]
 [ 22  62  93 255]
 [ 22  62  93 255]
 ...
 [ 15  34  54 255]
 [ 15  17  25 255]
 [  0   0   0 255]][[ 22  62  93 255]
 [ 22  62  93 255]
 [ 22  62  93 255]
 ...
 [ 15  34  54 255]
 [ 15  17  25 255]
 [  0   0   0 255]][[ 22  62  93 255]
 [ 22  62  93 255]
 [ 22  62  93 255]
 ...
 [ 15  34  54 255]
 [ 15  17  25 255]
 [  0   0   0 255]][[ 22  62  93 255]
 [ 22  62  93 255]
 [ 22  62  93 255]
 ...
 [ 15  34  54 255]
 [ 15  17  25 255]
 [  0   0   0 255]][[ 22  62  93 255]
 [ 22  62  93 255]
 [ 22  62  93 255]
 ...
 [ 15  34  54 255]
 [ 15  17  25 255]
 [  0   0   0 255]][[ 22  62  93 255]
 [ 22  62  93 255]
 [ 22  62  93 255]
 ...
 [ 15  34  54 255]
 [ 15  17  25 255]
 [  0   0   0 255]][[ 22  62  93 255]
 [ 22  62  93 255]
 [ 22  62  93 255]
 ...
 [ 15  34  54 255]
 [ 15  17  25 255]
 [  0   0   0 255]][[ 22  62  93 255]
 [ 22  62  93 255]
 [ 22  62  93 255]
 ...
 [ 15  34  54 255]
 [ 15  17  25 255]
 [  0   0   0 255]][[ 22  62  93 255]
 [ 22  62  93 255]
 [ 22  62  93 255]
 ...
 [ 15  36  55 255]
 [ 15  18  25 255]
 [  0   0   0 255]][[ 22  62  93 255]
 [ 22  62  93 255]
 [ 22  62  93 255]
 ...
 [ 17  44  63 255]
 [ 15  20  27 255]
 [  0   0   0 255]][[ 22  62  93 255]
 [ 22  62  93 255]
 [ 22  62  93 255]
 ...
 [ 15  41  59 255]
 [ 15  19  26 255]
 [  0   0   0 255]][[ 22  62  93 255]
 [ 22  62  93 255]
 [ 22  62  93 255]
 ...
 [ 14  34  53 255]
 [ 15  17  25 255]
 [  0   0   0 255]][[ 22  62  93 255]
 [ 22  62  93 255]
 [ 22  62  93 255]
 ...
 [ 15  34  54 255]
 [ 15  17  25 255]
 [  0   0   0 255]][[ 22  62  93 255]
 [ 22  62  93 255]
 [ 22  62  93 255]
 ...
 [ 15  34  54 255]
 [ 15  17  25 255]
 [  0   0   0 255]][[ 22  62  93 255]
 [ 22  62  93 255]
 [ 22  62  93 255]
 ...
 [ 15  34  54 255]
 [ 15  17  25 255]
 [  0   0   0 255]][[ 22  62  93 255]
 [ 22  62  93 255]
 [ 22  62  93 255]
 ...
 [ 15  34  54 255]
 [ 15  17  25 255]
 [  0   0   0 255]][[ 22  62  93 255]
 [ 22  62  93 255]
 [ 22  62  93 255]
 ...
 [ 15  34  54 255]
 [ 15  17  25 255]
 [  0   0   0 255]][[ 22  62  93 255]
 [ 22  62  93 255]
 [ 22  62  93 255]
 ...
 [ 15  34  54 255]
 [ 15  17  25 255]
 [  0   0   0 255]][[ 22  62  93 255]
 [ 22  62  93 255]
 [ 22  62  93 255]
 ...
 [ 15  34  54 255]
 [ 15  17  25 255]
 [  0   0   0 255]][[ 22  63  91 255]
 [ 22  63  92 255]
 [ 22  63  91 255]
 ...
 [ 15  34  54 255]
 [ 15  17  25 255]
 [  0   0   0 255]][[ 23  64  90 255]
 [ 23  64  89 255]
 [ 23  64  87 255]
 ...
 [ 14  34  54 255]
 [ 15  17  24 255]
 [  0   0   0 255]][[ 23  66  88 255]
 [ 22  65  87 255]
 [ 22  65  86 255]
 ...
 [ 14  34  55 255]
 [ 15  17  25 255]
 [  0   0   0 255]][[ 23  66  87 255]
 [ 22  66  87 255]
 [ 22  66  87 255]
 ...
 [ 14  34  56 255]
 [ 15  17  25 255]
 [  0   0   0 255]][[ 21  68  90 255]
 [ 21  68  90 255]
 [ 20  67  90 255]
 ...
 [ 14  35  56 255]
 [ 15  17  25 255]
 [  0   0   0 255]][[ 17  71 101 255]
 [ 16  72 100 255]
 [ 16  72 101 255]
 ...
 [ 14  37  59 255]
 [ 15  18  25 255]
 [  0   0   0 255]][[ 11  75 112 255]
 [ 11  76 112 255]
 [ 11  75 112 255]
 ...
 [ 13  39  61 255]
 [ 15  18  25 255]
 [  0   0   0 255]][[  7  80 123 255]
 [  6  80 124 255]
 [  7  80 124 255]
 ...
 [ 15  44  69 255]
 [ 15  18  25 255]
 [  0   0   0 255]][[  3  84 131 255]
 [  4  83 132 255]
 [  4  84 132 255]
 ...
 [ 14  48  74 255]
 [ 15  20  27 255]
 [  0   0   0 255]][[  4  85 134 255]
 [  4  85 135 255]
 [  4  85 135 255]
 ...
 [ 11  43  68 255]
 [ 15  19  25 255]
 [  0   0   0 255]][[  2  86 138 255]
 [  2  87 139 255]
 [  2  87 140 255]
 ...
 [ 12  39  66 255]
 [ 15  17  24 255]
 [  0   0   0 255]][[  2  88 141 255]
 [  2  89 142 255]
 [  2  89 143 255]
 ...
 [ 13  40  66 255]
 [ 15  17  24 255]
 [  0   0   0 255]][[  2  89 144 255]
 [  2  89 145 255]
 [  2  90 146 255]
 ...
 [ 12  40  66 255]
 [ 15  17  24 255]
 [  0   0   0 255]][[  1  90 146 255]
 [  1  90 147 255]
 [  1  91 148 255]
 ...
 [ 13  44  72 255]
 [ 16  19  26 255]
 [  0   0   0 255]][[  0  90 149 255]
 [  0  91 150 255]
 [  0  91 151 255]
 ...
 [ 14  47  77 255]
 [ 16  20  27 255]
 [  0   0   0 255]][[  0  91 151 255]
 [  0  91 152 255]
 [  0  92 152 255]
 ...
 [ 10  45  72 255]
 [ 15  19  26 255]
 [  0   0   0 255]][[  0  91 151 255]
 [  0  91 151 255]
 [  0  92 152 255]
 ...
 [ 11  46  74 255]
 [ 15  20  26 255]
 [  0   0   0 255]][[  0  91 150 255]
 [  0  91 150 255]
 [  0  91 150 255]
 ...
 [ 13  44  72 255]
 [ 15  18  24 255]
 [  0   0   0 255]][[  0  91 149 255]
 [  0  91 150 255]
 [  0  91 150 255]
 ...
 [ 11  40  67 255]
 [ 15  17  24 255]
 [  0   0   0 255]][[  0  91 149 255]
 [  0  91 149 255]
 [  0  91 149 255]
 ...
 [ 11  40  68 255]
 [ 15  17  24 255]
 [  0   0   0 255]][[  0  91 149 255]
 [  0  91 149 255]
 [  0  91 149 255]
 ...
 [ 11  39  68 255]
 [ 15  17  24 255]
 [  0   0   0 255]][[  0  91 149 255]
 [  0  91 149 255]
 [  0  91 149 255]
 ...
 [ 11  39  68 255]
 [ 15  17  24 255]
 [  0   0   0 255]][[  0  91 149 255]
 [  0  91 149 255]
 [  0  91 149 255]
 ...
 [ 11  39  68 255]
 [ 15  17  24 255]
 [  0   0   0 255]][[  0  91 149 255]
 [  0  91 149 255]
 [  0  91 149 255]
 ...
 [ 11  39  68 255]
 [ 15  17  24 255]
 [  0   0   0 255]][[  0  91 149 255]
 [  0  91 149 255]
 [  0  91 149 255]
 ...
 [ 11  39  68 255]
 [ 15  17  24 255]
 [  0   0   0 255]][[  0  91 149 255]
 [  0  91 149 255]
 [  0  91 149 255]
 ...
 [ 11  39  68 255]
 [ 15  17  24 255]
 [  0   0   0 255]][[  0  91 149 255]
 [  0  91 149 255]
 [  0  91 149 255]
 ...
 [ 11  39  68 255]
 [ 15  17  24 255]
 [  0   0   0 255]][[  0  91 149 255]
 [  0  91 149 255]
 [  0  91 149 255]
 ...
 [ 11  39  68 255]
 [ 15  17  24 255]
 [  0   0   0 255]][[  0  91 149 255]
 [  0  91 149 255]
 [  0  91 149 255]
 ...
 [ 11  39  68 255]
 [ 15  17  24 255]
 [  0   0   0 255]][[  0  91 149 255]
 [  0  91 149 255]
 [  0  91 149 255]
 ...
 [ 11  39  68 255]
 [ 15  17  24 255]
 [  0   0   0 255]][[  0  91 149 255]
 [  0  91 149 255]
 [  0  91 149 255]
 ...
 [ 11  39  68 255]
 [ 15  17  24 255]
 [  0   0   0 255]][[  0  90 149 255]
 [  0  91 149 255]
 [  0  91 149 255]
 ...
 [ 11  39  68 255]
 [ 15  17  24 255]
 [  0   0   0 255]][[  0  90 149 255]
 [  0  90 149 255]
 [  0  90 149 255]
 ...
 [ 11  39  68 255]
 [ 15  17  24 255]
 [  0   0   0 255]][[  0  90 149 255]
 [  0  90 149 255]
 [  0  90 150 255]
 ...
 [ 11  39  68 255]
 [ 15  17  24 255]
 [  0   0   0 255]][[  0  90 150 255]
 [  0  90 150 255]
 [  1  90 150 255]
 ...
 [ 11  39  68 255]
 [ 15  17  24 255]
 [  0   0   0 255]][[  0  90 150 255]
 [  0  90 150 255]
 [  1  90 150 255]
 ...
 [ 11  39  68 255]
 [ 15  17  24 255]
 [  0   0   0 255]][[  0  90 150 255]
 [  0  90 150 255]
 [  1  90 150 255]
 ...
 [ 11  39  68 255]
 [ 15  17  24 255]
 [  0   0   0 255]][[  0  90 150 255]
 [  0  90 150 255]
 [  1  90 150 255]
 ...
 [ 11  39  68 255]
 [ 15  17  24 255]
 [  0   0   0 255]][[  0  90 150 255]
 [  0  90 150 255]
 [  1  90 150 255]
 ...
 [ 11  39  68 255]
 [ 15  17  24 255]
 [  0   0   0 255]][[  0  90 150 255]
 [  1  90 150 255]
 [  1  90 150 255]
 ...
 [ 11  39  68 255]
 [ 15  17  24 255]
 [  0   0   0 255]][[  1  90 150 255]
 [  1  90 150 255]
 [  1  91 150 255]
 ...
 [ 11  39  68 255]
 [ 15  17  24 255]
 [  0   0   0 255]][[  1  91 150 255]
 [  1  91 150 255]
 [  1  91 150 255]
 ...
 [ 11  39  68 255]
 [ 15  17  24 255]
 [  0   0   0 255]][[  1  91 150 255]
 [  1  91 150 255]
 [  1  91 150 255]
 ...
 [ 11  39  68 255]
 [ 15  17  24 255]
 [  0   0   0 255]][[  1  91 150 255]
 [  1  91 150 255]
 [  1  91 150 255]
 ...
 [ 11  39  68 255]
 [ 15  17  24 255]
 [  0   0   0 255]][[  1  91 150 255]
 [  1  91 150 255]
 [  1  91 150 255]
 ...
 [ 11  39  68 255]
 [ 15  17  24 255]
 [  0   0   0 255]][[  1  91 150 255]
 [  1  91 150 255]
 [  1  91 150 255]
 ...
 [ 11  39  68 255]
 [ 15  17  24 255]
 [  0   0   0 255]][[  1  91 150 255]
 [  1  91 150 255]
 [  1  91 150 255]
 ...
 [ 11  39  68 255]
 [ 15  17  24 255]
 [  0   0   0 255]][[  0  91 149 255]
 [  0  91 149 255]
 [  0  91 149 255]
 ...
 [ 11  39  68 255]
 [ 15  17  24 255]
 [  0   0   0 255]][[  0  91 149 255]
 [  0  91 149 255]
 [  0  91 149 255]
 ...
 [ 11  39  68 255]
 [ 15  17  24 255]
 [  0   0   0 255]][[  0  91 149 255]
 [  0  91 149 255]
 [  0  91 149 255]
 ...
 [ 11  39  68 255]
 [ 15  17  24 255]
 [  0   0   0 255]][[  0  91 149 255]
 [  0  91 149 255]
 [  0  91 149 255]
 ...
 [ 11  39  68 255]
 [ 15  17  24 255]
 [  0   0   0 255]][[  0  91 149 255]
 [  0  91 149 255]
 [  0  91 149 255]
 ...
 [ 11  39  68 255]
 [ 15  17  24 255]
 [  0   0   0 255]][[  0  91 149 255]
 [  0  91 149 255]
 [  0  91 149 255]
 ...
 [ 11  39  68 255]
 [ 15  17  24 255]
 [  0   0   0 255]][[  0  91 149 255]
 [  0  91 149 255]
 [  0  91 149 255]
 ...
 [ 11  39  68 255]
 [ 15  17  24 255]
 [  0   0   0 255]][[  0  91 149 255]
 [  0  91 149 255]
 [  0  91 149 255]
 ...
 [ 11  39  68 255]
 [ 15  17  24 255]
 [  0   0   0 255]][[  0  91 149 255]
 [  0  91 149 255]
 [  0  91 149 255]
 ...
 [ 11  39  68 255]
 [ 15  17  24 255]
 [  0   0   0 255]][[  0  91 149 255]
 [  0  91 149 255]
 [  0  91 149 255]
 ...
 [ 11  39  68 255]
 [ 15  17  24 255]
 [  0   0   0 255]][[  0  91 149 255]
 [  0  91 149 255]
 [  0  91 149 255]
 ...
 [ 11  39  68 255]
 [ 15  17  24 255]
 [  0   0   0 255]][[  0  91 149 255]
 [  0  91 149 255]
 [  0  91 149 255]
 ...
 [ 11  39  68 255]
 [ 15  17  24 255]
 [  0   0   0 255]][[  0  91 149 255]
 [  0  91 149 255]
 [  0  91 149 255]
 ...
 [ 11  39  68 255]
 [ 15  17  24 255]
 [  0   0   0 255]][[  0  91 149 255]
 [  0  91 149 255]
 [  0  91 149 255]
 ...
 [ 11  39  68 255]
 [ 15  17  24 255]
 [  0   0   0 255]][[  0  91 149 255]
 [  0  91 149 255]
 [  0  91 149 255]
 ...
 [ 11  39  68 255]
 [ 15  17  24 255]
 [  0   0   0 255]][[  0  91 149 255]
 [  0  91 149 255]
 [  0  91 149 255]
 ...
 [ 11  39  68 255]
 [ 15  17  24 255]
 [  0   0   0 255]][[  0  91 149 255]
 [  0  91 149 255]
 [  0  91 149 255]
 ...
 [ 11  39  68 255]
 [ 15  17  24 255]
 [  0   0   0 255]][[  0  91 149 255]
 [  0  91 149 255]
 [  0  91 149 255]
 ...
 [ 11  39  68 255]
 [ 15  17  24 255]
 [  0   0   0 255]][[  0  91 149 255]
 [  0  91 149 255]
 [  0  91 149 255]
 ...
 [ 11  39  68 255]
 [ 15  17  24 255]
 [  0   0   0 255]][[  0  91 149 255]
 [  0  91 149 255]
 [  0  91 149 255]
 ...
 [ 11  39  68 255]
 [ 15  17  24 255]
 [  0   0   0 255]][[  0  91 149 255]
 [  0  91 149 255]
 [  0  91 149 255]
 ...
 [ 11  39  68 255]
 [ 15  17  24 255]
 [  0   0   0 255]][[  0  91 149 255]
 [  0  91 149 255]
 [  0  91 149 255]
 ...
 [ 11  39  68 255]
 [ 15  17  24 255]
 [  0   0   0 255]][[  0  90 148 255]
 [  0  90 148 255]
 [  0  91 148 255]
 ...
 [ 11  39  67 255]
 [ 15  17  24 255]
 [  0   0   0 255]][[  0  90 148 255]
 [  0  90 148 255]
 [  0  90 148 255]
 ...
 [ 11  39  67 255]
 [ 15  17  24 255]
 [  0   0   0 255]][[  0  90 148 255]
 [  0  90 148 255]
 [  0  90 148 255]
 ...
 [ 11  39  67 255]
 [ 15  17  24 255]
 [  0   0   0 255]][[  0  90 148 255]
 [  0  90 148 255]
 [  0  90 148 255]
 ...
 [ 11  39  67 255]
 [ 15  17  24 255]
 [  0   0   0 255]][[  0  90 148 255]
 [  0  91 149 255]
 [  0  91 149 255]
 ...
 [ 11  39  67 255]
 [ 15  17  24 255]
 [  0   0   0 255]][[  0  91 149 255]
 [  0  91 149 255]
 [  0  91 149 255]
 ...
 [ 11  39  68 255]
 [ 15  17  24 255]
 [  0   0   0 255]][[  0  92 150 255]
 [  0  91 149 255]
 [  0  91 149 255]
 ...
 [ 11  39  68 255]
 [ 15  17  24 255]
 [  0   0   0 255]][[  0  92 150 255]
 [  0  92 150 255]
 [  0  92 150 255]
 ...
 [ 11  39  68 255]
 [ 15  17  24 255]
 [  0   0   0 255]][[  0  92 150 255]
 [  0  92 151 255]
 [  0  92 151 255]
 ...
 [ 11  39  68 255]
 [ 15  17  24 255]
 [  0   0   0 255]][[  0  92 151 255]
 [  0  93 151 255]
 [  0  93 152 255]
 ...
 [ 11  39  68 255]
 [ 15  17  24 255]
 [  0   0   0 255]][[  0  93 151 255]
 [  0  93 152 255]
 [  1  94 152 255]
 ...
 [ 11  39  68 255]
 [ 15  17  24 255]
 [  0   0   0 255]][[  0  93 152 255]
 [  0  93 152 255]
 [  1  94 153 255]
 ...
 [ 11  39  68 255]
 [ 15  17  24 255]
 [  0   0   0 255]][[  0  93 152 255]
 [  0  94 152 255]
 [  1  94 153 255]
 ...
 [ 11  39  68 255]
 [ 15  17  24 255]
 [  0   0   0 255]][[  0  93 152 255]
 [  0  94 152 255]
 [  1  94 153 255]
 ...
 [ 11  39  68 255]
 [ 15  17  24 255]
 [  0   0   0 255]][[  0  93 152 255]
 [  0  94 152 255]
 [  1  94 153 255]
 ...
 [ 11  39  68 255]
 [ 15  17  24 255]
 [  0   0   0 255]][[  0  93 152 255]
 [  0  93 152 255]
 [  0  94 152 255]
 ...
 [ 11  39  68 255]
 [ 15  17  24 255]
 [  0   0   0 255]][[  0  93 152 255]
 [  0  93 152 255]
 [  0  93 152 255]
 ...
 [ 11  39  68 255]
 [ 15  17  24 255]
 [  0   0   0 255]][[  0  93 151 255]
 [  0  93 151 255]
 [  0  93 151 255]
 ...
 [ 11  39  68 255]
 [ 15  17  24 255]
 [  0   0   0 255]][[  0  93 152 255]
 [  0  93 152 255]
 [  0  93 152 255]
 ...
 [ 11  39  68 255]
 [ 15  17  24 255]
 [  0   0   0 255]][[  0  93 152 255]
 [  0  93 152 255]
 [  0  93 152 255]
 ...
 [ 11  39  68 255]
 [ 15  17  24 255]
 [  0   0   0 255]][[  0  93 152 255]
 [  0  93 152 255]
 [  0  93 152 255]
 ...
 [ 11  39  68 255]
 [ 15  17  24 255]
 [  0   0   0 255]][[  0  94 152 255]
 [  0  94 152 255]
 [  0  94 152 255]
 ...
 [ 11  39  68 255]
 [ 15  17  24 255]
 [  0   0   0 255]][[  0  94 153 255]
 [  0  94 153 255]
 [  0  93 153 255]
 ...
 [ 11  39  68 255]
 [ 15  17  24 255]
 [  0   0   0 255]][[  0  94 154 255]
 [  0  94 153 255]
 [  0  93 153 255]
 ...
 [ 11  39  68 255]
 [ 15  17  24 255]
 [  0   0   0 255]][[  1  94 154 255]
 [  1  94 154 255]
 [  0  93 153 255]
 ...
 [ 11  39  68 255]
 [ 15  17  24 255]
 [  0   0   0 255]][[  1  95 155 255]
 [  1  94 154 255]
 [  0  93 154 255]
 ...
 [ 11  39  68 255]
 [ 15  17  24 255]
 [  0   0   0 255]][[  1  95 155 255]
 [  1  94 154 255]
 [  0  93 154 255]
 ...
 [ 11  39  68 255]
 [ 15  17  24 255]
 [  0   0   0 255]][[  1  95 155 255]
 [  1  94 154 255]
 [  0  93 154 255]
 ...
 [ 11  39  68 255]
 [ 15  17  24 255]
 [  0   0   0 255]][[  1  95 155 255]
 [  1  94 154 255]
 [  0  93 154 255]
 ...
 [ 11  39  68 255]
 [ 15  17  24 255]
 [  0   0   0 255]][[  1  94 155 255]
 [  1  94 154 255]
 [  0  93 154 255]
 ...
 [ 11  39  68 255]
 [ 15  17  24 255]
 [  0   0   0 255]][[  1  94 154 255]
 [  0  93 154 255]
 [  0  93 153 255]
 ...
 [ 12  40  69 255]
 [ 15  17  24 255]
 [  0   0   0 255]][[  0  93 154 255]
 [  0  93 153 255]
 [  0  93 153 255]
 ...
 [ 12  40  69 255]
 [ 15  17  24 255]
 [  0   0   0 255]][[  0  93 153 255]
 [  0  93 153 255]
 [  0  93 153 255]
 ...
 [ 11  43  72 255]
 [ 15  19  26 255]
 [  0   0   0 255]][[  0  93 153 255]
 [  0  93 153 255]
 [  0  93 153 255]
 ...
 [ 11  46  75 255]
 [ 15  20  27 255]
 [  0   0   0 255]][[  0  93 153 255]
 [  0  93 153 255]
 [  0  93 153 255]
 ...
 [ 11  50  78 255]
 [ 15  20  27 255]
 [  0   0   0 255]][[  0  93 153 255]
 [  0  93 153 255]
 [  0  93 153 255]
 ...
 [ 11  49  76 255]
 [ 15  18  25 255]
 [  0   0   0 255]][[  0  93 153 255]
 [  0  93 153 255]
 [  0  93 153 255]
 ...
 [ 11  50  78 255]
 [ 15  19  25 255]
 [  0   0   0 255]][[  0  93 153 255]
 [  0  93 153 255]
 [  0  93 153 255]
 ...
 [ 11  53  84 255]
 [ 15  20  28 255]
 [  0   0   0 255]][[  0  94 153 255]
 [  0  94 153 255]
 [  0  94 153 255]
 ...
 [ 10  49  79 255]
 [ 15  20  27 255]
 [  0   0   0 255]][[  1  94 153 255]
 [  1  94 153 255]
 [  1  94 153 255]
 ...
 [ 11  43  71 255]
 [ 15  18  24 255]
 [  0   0   0 255]][[  1  95 153 255]
 [  1  95 153 255]
 [  1  95 153 255]
 ...
 [ 11  42  70 255]
 [ 15  18  24 255]
 [  0   0   0 255]][[  1  95 153 255]
 [  1  95 153 255]
 [  1  95 153 255]
 ...
 [ 11  41  69 255]
 [ 15  17  24 255]
 [  0   0   0 255]][[  1  95 153 255]
 [  1  95 153 255]
 [  1  95 153 255]
 ...
 [ 11  40  68 255]
 [ 15  17  24 255]
 [  0   0   0 255]][[  1  95 153 255]
 [  1  95 153 255]
 [  1  95 153 255]
 ...
 [ 11  40  68 255]
 [ 15  17  24 255]
 [  0   0   0 255]][[  1  94 153 255]
 [  1  94 153 255]
 [  1  94 153 255]
 ...
 [ 11  40  68 255]
 [ 15  17  24 255]
 [  0   0   0 255]][[  1  94 152 255]
 [  1  94 152 255]
 [  1  94 153 255]
 ...
 [ 11  40  68 255]
 [ 15  17  24 255]
 [  0   0   0 255]][[  0  93 152 255]
 [  0  93 152 255]
 [  0  94 152 255]
 ...
 [ 11  40  68 255]
 [ 15  17  24 255]
 [  0   0   0 255]][[  0  93 152 255]
 [  0  93 152 255]
 [  0  93 152 255]
 ...
 [ 11  40  68 255]
 [ 15  17  24 255]
 [  0   0   0 255]][[  0  93 151 255]
 [  0  93 152 255]
 [  0  93 152 255]
 ...
 [ 11  40  69 255]
 [ 15  17  24 255]
 [  0   0   0 255]][[  0  93 151 255]
 [  0  93 151 255]
 [  0  93 152 255]
 ...
 [ 11  40  69 255]
 [ 15  17  24 255]
 [  0   0   0 255]][[  0  93 151 255]
 [  0  93 151 255]
 [  0  93 151 255]
 ...
 [ 11  40  69 255]
 [ 15  17  24 255]
 [  0   0   0 255]][[  0  93 151 255]
 [  0  93 151 255]
 [  0  93 151 255]
 ...
 [ 11  40  69 255]
 [ 15  17  24 255]
 [  0   0   0 255]][[  0  94 152 255]
 [  0  94 152 255]
 [  0  94 152 255]
 ...
 [ 11  40  69 255]
 [ 15  17  24 255]
 [  0   0   0 255]][[  0  95 153 255]
 [  0  95 153 255]
 [  0  95 153 255]
 ...
 [ 11  40  69 255]
 [ 15  17  24 255]
 [  0   0   0 255]][[  0  96 153 255]
 [  0  96 153 255]
 [  0  96 153 255]
 ...
 [ 11  40  69 255]
 [ 15  17  24 255]
 [  0   0   0 255]][[  0  96 154 255]
 [  0  96 154 255]
 [  0  96 154 255]
 ...
 [ 11  40  69 255]
 [ 15  17  24 255]
 [  0   0   0 255]][[  0  96 154 255]
 [  0  96 154 255]
 [  0  96 154 255]
 ...
 [ 11  40  69 255]
 [ 15  17  24 255]
 [  0   0   0 255]][[  0  96 153 255]
 [  0  96 153 255]
 [  0  96 153 255]
 ...
 [ 11  40  69 255]
 [ 15  17  24 255]
 [  0   0   0 255]][[  0  96 153 255]
 [  0  95 153 255]
 [  0  95 153 255]
 ...
 [ 11  39  69 255]
 [ 15  17  24 255]
 [  0   0   0 255]][[  0  96 153 255]
 [  0  95 153 255]
 [  0  95 153 255]
 ...
 [ 11  39  68 255]
 [ 15  17  24 255]
 [  0   0   0 255]][[  0  96 153 255]
 [  0  95 153 255]
 [  0  95 153 255]
 ...
 [ 11  39  68 255]
 [ 15  17  24 255]
 [  0   0   0 255]][[  0  96 153 255]
 [  0  95 153 255]
 [  0  95 153 255]
 ...
 [ 11  39  68 255]
 [ 15  17  24 255]
 [  0   0   0 255]][[  0  96 153 255]
 [  0  96 153 255]
 [  0  96 153 255]
 ...
 [ 11  39  68 255]
 [ 15  17  24 255]
 [  0   0   0 255]][[  0  96 153 255]
 [  0  96 153 255]
 [  0  96 153 255]
 ...
 [ 11  39  68 255]
 [ 15  17  24 255]
 [  0   0   0 255]][[  0  96 154 255]
 [  0  96 154 255]
 [  0  96 154 255]
 ...
 [ 11  39  68 255]
 [ 15  17  24 255]
 [  0   0   0 255]][[  0  96 154 255]
 [  0  96 154 255]
 [  0  96 154 255]
 ...
 [ 11  39  68 255]
 [ 15  17  24 255]
 [  0   0   0 255]][[  0  96 154 255]
 [  0  96 154 255]
 [  0  96 154 255]
 ...
 [ 11  39  68 255]
 [ 15  17  24 255]
 [  0   0   0 255]][[  0  97 156 255]
 [  0  97 156 255]
 [  0  97 156 255]
 ...
 [ 11  39  69 255]
 [ 15  17  24 255]
 [  0   0   0 255]][[  0  98 157 255]
 [  0  98 157 255]
 [  0  98 157 255]
 ...
 [ 11  39  69 255]
 [ 15  17  24 255]
 [  0   0   0 255]][[  0  98 158 255]
 [  0  98 158 255]
 [  0  98 158 255]
 ...
 [ 11  39  69 255]
 [ 15  17  24 255]
 [  0   0   0 255]][[  0  98 159 255]
 [  0  98 159 255]
 [  0  98 159 255]
 ...
 [ 11  40  70 255]
 [ 15  17  24 255]
 [  0   0   0 255]][[  0  98 159 255]
 [  0  98 159 255]
 [  0  99 160 255]
 ...
 [ 11  40  70 255]
 [ 15  17  24 255]
 [  0   0   0 255]][[  0  98 159 255]
 [  0  99 159 255]
 [  0  99 160 255]
 ...
 [ 11  40  70 255]
 [ 15  17  24 255]
 [  0   0   0 255]][[  0  98 159 255]
 [  0  99 160 255]
 [  1  99 160 255]
 ...
 [ 11  41  70 255]
 [ 15  17  24 255]
 [  0   0   0 255]][[  0  98 159 255]
 [  0  98 159 255]
 [  0  98 159 255]
 ...
 [ 11  41  70 255]
 [ 15  17  24 255]
 [  0   0   0 255]][[  0  98 159 255]
 [  0  98 159 255]
 [  0  98 159 255]
 ...
 [ 11  41  70 255]
 [ 15  17  24 255]
 [  0   0   0 255]][[  0  97 158 255]
 [  0  97 158 255]
 [  0  97 158 255]
 ...
 [ 11  41  70 255]
 [ 15  17  24 255]
 [  0   0   0 255]][[  0  96 158 255]
 [  0  96 158 255]
 [  0  96 158 255]
 ...
 [ 11  41  70 255]
 [ 15  17  24 255]
 [  0   0   0 255]][[  0  97 158 255]
 [  0  97 158 255]
 [  0  97 158 255]
 ...
 [ 11  42  70 255]
 [ 15  17  24 255]
 [  0   0   0 255]][[  0  98 159 255]
 [  0  98 159 255]
 [  0  98 159 255]
 ...
 [ 11  42  71 255]
 [ 15  17  24 255]
 [  0   0   0 255]][[  1  99 160 255]
 [  0  99 159 255]
 [  0  98 159 255]
 ...
 [ 11  42  71 255]
 [ 15  17  24 255]
 [  0   0   0 255]][[  1  99 160 255]
 [  1  99 160 255]
 [  0  99 160 255]
 ...
 [ 11  42  71 255]
 [ 15  17  24 255]
 [  0   0   0 255]][[  1 100 161 255]
 [  0 100 161 255]
 [  0 100 161 255]
 ...
 [ 11  42  71 255]
 [ 15  17  24 255]
 [  0   0   0 255]][[  0 101 162 255]
 [  0 101 162 255]
 [  0 101 162 255]
 ...
 [ 11  42  71 255]
 [ 15  17  24 255]
 [  0   0   0 255]][[  0 101 163 255]
 [  0 101 163 255]
 [  0 102 163 255]
 ...
 [ 11  42  72 255]
 [ 15  17  24 255]
 [  0   0   0 255]][[  0 101 164 255]
 [  0 102 164 255]
 [  0 102 164 255]
 ...
 [ 11  42  72 255]
 [ 15  17  24 255]
 [  0   0   0 255]][[  0 101 164 255]
 [  0 102 164 255]
 [  0 102 164 255]
 ...
 [ 11  42  72 255]
 [ 15  17  24 255]
 [  0   0   0 255]][[  0 101 164 255]
 [  0 102 164 255]
 [  0 102 164 255]
 ...
 [ 11  42  72 255]
 [ 15  17  24 255]
 [  0   0   0 255]][[  0 101 164 255]
 [  0 102 164 255]
 [  0 102 164 255]
 ...
 [ 11  42  72 255]
 [ 15  17  24 255]
 [  0   0   0 255]][[  0 101 164 255]
 [  0 101 164 255]
 [  0 102 164 255]
 ...
 [ 11  43  72 255]
 [ 15  17  24 255]
 [  0   0   0 255]][[  0 101 163 255]
 [  0 101 164 255]
 [  0 102 164 255]
 ...
 [ 11  43  72 255]
 [ 15  17  24 255]
 [  0   0   0 255]][[  0 101 163 255]
 [  0 101 164 255]
 [  0 102 164 255]
 ...
 [ 10  45  72 255]
 [ 14  18  24 255]
 [  0   0   0 255]][[  0 100 163 255]
 [  0 101 163 255]
 [  0 102 164 255]
 ...
 [ 11  49  77 255]
 [ 15  18  25 255]
 [  0   0   0 255]][[  0 100 163 255]
 [  0 101 164 255]
 [  0 102 164 255]
 ...
 [ 14  52  84 255]
 [ 16  20  26 255]
 [  0   0   0 255]][[  0 101 163 255]
 [  0 102 164 255]
 [  0 102 164 255]
 ...
 [ 12  46  75 255]
 [ 15  18  24 255]
 [  0   0   0 255]][[  0 101 164 255]
 [  0 102 164 255]
 [  0 102 164 255]
 ...
 [ 12  45  74 255]
 [ 15  17  24 255]
 [  0   0   0 255]][[  0 101 164 255]
 [  0 102 164 255]
 [  0 102 164 255]
 ...
 [ 11  43  73 255]
 [ 15  17  23 255]
 [  0   0   0 255]][[  0 101 164 255]
 [  0 101 164 255]
 [  0 102 164 255]
 ...
 [ 11  43  72 255]
 [ 15  17  23 255]
 [  0   0   0 255]][[  0 101 164 255]
 [  0 101 164 255]
 [  0 101 164 255]
 ...
 [ 10  45  71 255]
 [ 14  18  24 255]
 [  0   0   0 255]][[  0 100 164 255]
 [  0 100 164 255]
 [  0 100 164 255]
 ...
 [ 11  47  74 255]
 [ 14  18  25 255]
 [  0   0   0 255]][[  0 100 165 255]
 [  0 100 165 255]
 [  0 100 164 255]
 ...
 [ 11  54  83 255]
 [ 15  20  27 255]
 [  0   0   0 255]][[  0 101 165 255]
 [  0 101 165 255]
 [  0 101 165 255]
 ...
 [ 11  57  86 255]
 [ 15  21  27 255]
 [  0   0   0 255]][[  0 101 166 255]
 [  0 102 166 255]
 [  0 101 165 255]
 ...
 [ 11  51  80 255]
 [ 15  19  26 255]
 [  0   0   0 255]][[  0 102 166 255]
 [  0 102 166 255]
 [  0 102 166 255]
 ...
 [ 11  43  72 255]
 [ 15  17  23 255]
 [  0   0   0 255]][[  0 103 167 255]
 [  0 104 167 255]
 [  0 104 167 255]
 ...
 [ 11  42  72 255]
 [ 15  17  24 255]
 [  0   0   0 255]][[  0 106 168 255]
 [  0 106 168 255]
 [  1 106 168 255]
 ...
 [ 11  42  72 255]
 [ 15  17  24 255]
 [  0   0   0 255]][[  0 107 169 255]
 [  0 107 170 255]
 [  1 108 170 255]
 ...
 [ 11  42  72 255]
 [ 15  17  24 255]
 [  0   0   0 255]][[  0 109 171 255]
 [  1 109 171 255]
 [  1 110 172 255]
 ...
 [ 11  42  71 255]
 [ 15  17  24 255]
 [  0   0   0 255]][[  0 110 171 255]
 [  1 111 172 255]
 [  1 111 173 255]
 ...
 [ 11  41  72 255]
 [ 15  17  24 255]
 [  0   0   0 255]][[  0 110 172 255]
 [  1 111 172 255]
 [  1 112 173 255]
 ...
 [ 11  41  72 255]
 [ 15  17  24 255]
 [  0   0   0 255]][[  0 111 172 255]
 [  1 112 173 255]
 [  1 112 173 255]
 ...
 [ 12  41  72 255]
 [ 15  17  24 255]
 [  0   0   0 255]][[  0 112 173 255]
 [  1 112 173 255]
 [  1 113 174 255]
 ...
 [ 12  41  72 255]
 [ 15  17  23 255]
 [  0   0   0 255]][[  0 111 173 255]
 [  1 112 173 255]
 [  1 112 174 255]
 ...
 [ 11  43  73 255]
 [ 15  17  24 255]
 [  0   0   0 255]][[  0 110 173 255]
 [  0 111 173 255]
 [  1 111 174 255]
 ...
 [ 15  49  82 255]
 [ 16  19  26 255]
 [  0   0   0 255]][[  0 109 173 255]
 [  0 110 173 255]
 [  1 111 174 255]
 ...
 [ 13  47  77 255]
 [ 15  18  25 255]
 [  0   0   0 255]][[  0 109 173 255]
 [  0 110 173 255]
 [  1 110 174 255]
 ...
 [ 11  43  71 255]
 [ 15  17  23 255]
 [  0   0   0 255]][[  0 110 174 255]
 [  0 111 174 255]
 [  0 111 174 255]
 ...
 [ 11  43  73 255]
 [ 15  17  24 255]
 [  0   0   0 255]][[  0 112 175 255]
 [  0 112 175 255]
 [  0 112 175 255]
 ...
 [ 11  42  72 255]
 [ 15  17  23 255]
 [  0   0   0 255]][[  0 112 175 255]
 [  0 112 175 255]
 [  0 112 175 255]
 ...
 [ 11  42  72 255]
 [ 15  17  23 255]
 [  0   0   0 255]][[  0 113 175 255]
 [  0 113 175 255]
 [  0 113 175 255]
 ...
 [ 11  42  73 255]
 [ 15  17  23 255]
 [  0   0   0 255]][[  0 114 175 255]
 [  0 113 175 255]
 [  0 113 175 255]
 ...
 [ 11  42  73 255]
 [ 15  17  23 255]
 [  0   0   0 255]][[  0 114 175 255]
 [  0 114 175 255]
 [  0 113 175 255]
 ...
 [ 12  43  73 255]
 [ 15  17  23 255]
 [  0   0   0 255]][[  0 115 175 255]
 [  0 114 175 255]
 [  0 114 175 255]
 ...
 [ 12  43  73 255]
 [ 15  17  23 255]
 [  0   0   0 255]][[  0 116 176 255]
 [  0 115 176 255]
 [  0 115 175 255]
 ...
 [ 11  42  73 255]
 [ 15  17  23 255]
 [  0   0   0 255]][[  0 116 176 255]
 [  0 116 176 255]
 [  0 116 176 255]
 ...
 [ 11  42  73 255]
 [ 15  17  23 255]
 [  0   0   0 255]][[  0 117 177 255]
 [  0 117 177 255]
 [  0 117 177 255]
 ...
 [ 11  42  72 255]
 [ 15  17  23 255]
 [  0   0   0 255]][[  0 117 177 255]
 [  0 117 177 255]
 [  0 117 177 255]
 ...
 [ 11  42  72 255]
 [ 15  17  24 255]
 [  0   0   0 255]][[  0 114 176 255]
 [  0 114 176 255]
 [  0 114 176 255]
 ...
 [ 11  42  72 255]
 [ 15  17  23 255]
 [  0   0   0 255]][[  0 111 175 255]
 [  0 111 175 255]
 [  0 111 175 255]
 ...
 [ 11  42  72 255]
 [ 15  17  23 255]
 [  0   0   0 255]][[  0 107 173 255]
 [  0 107 173 255]
 [  0 107 173 255]
 ...
 [ 11  42  73 255]
 [ 15  17  23 255]
 [  0   0   0 255]][[  0 105 173 255]
 [  0 105 173 255]
 [  0 105 173 255]
 ...
 [ 13  43  72 255]
 [ 15  17  24 255]
 [  0   0   0 255]][[  0 106 174 255]
 [  0 106 174 255]
 [  0 106 174 255]
 ...
 [ 13  50  80 255]
 [ 15  19  26 255]
 [  0   0   0 255]][[  1 107 175 255]
 [  1 107 175 255]
 [  1 107 175 255]
 ...
 [ 11  44  74 255]
 [ 15  17  24 255]
 [  0   0   0 255]][[  1 108 175 255]
 [  1 108 175 255]
 [  1 108 175 255]
 ...
 [ 12  43  73 255]
 [ 15  17  23 255]
 [  0   0   0 255]][[  1 108 175 255]
 [  1 108 175 255]
 [  1 108 175 255]
 ...
 [ 12  43  73 255]
 [ 15  17  23 255]
 [  0   0   0 255]][[  1 108 175 255]
 [  1 108 175 255]
 [  1 108 175 255]
 ...
 [ 12  43  73 255]
 [ 15  17  23 255]
 [  0   0   0 255]][[  1 108 175 255]
 [  1 108 175 255]
 [  1 108 175 255]
 ...
 [ 12  43  73 255]
 [ 15  17  23 255]
 [  0   0   0 255]][[  1 108 175 255]
 [  1 108 175 255]
 [  1 108 175 255]
 ...
 [ 11  43  73 255]
 [ 15  17  23 255]
 [  0   0   0 255]][[  1 107 175 255]
 [  1 107 175 255]
 [  1 108 175 255]
 ...
 [ 11  42  73 255]
 [ 15  17  23 255]
 [  0   0   0 255]][[  1 107 174 255]
 [  1 107 174 255]
 [  1 107 175 255]
 ...
 [ 11  42  73 255]
 [ 15  17  23 255]
 [  0   0   0 255]][[  0 106 173 255]
 [  0 106 174 255]
 [  0 107 174 255]
 ...
 [ 11  42  72 255]
 [ 15  17  23 255]
 [  0   0   0 255]][[  0 105 173 255]
 [  0 106 173 255]
 [  0 107 174 255]
 ...
 [ 11  43  72 255]
 [ 15  17  23 255]
 [  0   0   0 255]][[  0 106 173 255]
 [  0 107 174 255]
 [  0 107 174 255]
 ...
 [ 12  45  74 255]
 [ 16  17  24 255]
 [  0   0   0 255]][[  0 107 174 255]
 [  0 108 174 255]
 [  0 108 175 255]
 ...
 [ 13  53  84 255]
 [ 16  20  27 255]
 [  0   0   0 255]][[  0 109 174 255]
 [  0 109 175 255]
 [  0 109 175 255]
 ...
 [ 11  56  85 255]
 [ 15  21  27 255]
 [  0   0   0 255]][[  0 109 175 255]
 [  0 109 175 255]
 [  0 110 175 255]
 ...
 [ 10  49  77 255]
 [ 14  19  25 255]
 [  0   0   0 255]][[  0 111 176 255]
 [  0 111 176 255]
 [  0 111 177 255]
 ...
 [ 11  42  73 255]
 [ 15  17  23 255]
 [  0   0   0 255]][[  1 113 178 255]
 [  1 113 178 255]
 [  1 113 178 255]
 ...
 [ 11  42  73 255]
 [ 15  17  23 255]
 [  0   0   0 255]][[  1 115 180 255]
 [  1 115 180 255]
 [  1 115 180 255]
 ...
 [ 13  46  78 255]
 [ 16  18  25 255]
 [  0   0   0 255]][[  1 114 179 255]
 [  1 114 179 255]
 [  1 114 179 255]
 ...
 [ 14  47  80 255]
 [ 16  18  26 255]
 [  0   0   0 255]][[  0 113 179 255]
 [  0 113 179 255]
 [  0 113 179 255]
 ...
 [ 11  42  73 255]
 [ 15  17  23 255]
 [  0   0   0 255]][[  0 112 178 255]
 [  0 112 178 255]
 [  0 112 178 255]
 ...
 [ 11  42  73 255]
 [ 15  17  23 255]
 [  0   0   0 255]][[  0 112 177 255]
 [  0 112 177 255]
 [  0 112 177 255]
 ...
 [ 11  42  73 255]
 [ 15  17  23 255]
 [  0   0   0 255]][[  0 111 177 255]
 [  0 111 177 255]
 [  0 111 177 255]
 ...
 [ 11  42  73 255]
 [ 15  17  23 255]
 [  0   0   0 255]][[  0 111 176 255]
 [  0 111 176 255]
 [  0 111 176 255]
 ...
 [ 11  43  74 255]
 [ 15  17  23 255]
 [  0   0   0 255]][[  0 110 176 255]
 [  0 110 176 255]
 [  0 110 176 255]
 ...
 [ 11  43  74 255]
 [ 15  17  23 255]
 [  0   0   0 255]][[  0 110 176 255]
 [  0 110 176 255]
 [  0 110 176 255]
 ...
 [ 11  43  74 255]
 [ 15  17  23 255]
 [  0   0   0 255]][[  0 111 177 255]
 [  0 111 177 255]
 [  0 111 177 255]
 ...
 [ 11  44  75 255]
 [ 15  17  23 255]
 [  0   0   0 255]][[  0 111 177 255]
 [  0 111 177 255]
 [  0 111 177 255]
 ...
 [ 11  44  75 255]
 [ 15  17  23 255]
 [  0   0   0 255]][[  0 112 178 255]
 [  0 112 178 255]
 [  0 112 178 255]
 ...
 [ 11  44  75 255]
 [ 15  17  23 255]
 [  0   0   0 255]][[  0 113 179 255]
 [  0 113 180 255]
 [  0 114 180 255]
 ...
 [ 11  44  75 255]
 [ 15  17  23 255]
 [  0   0   0 255]][[  0 113 180 255]
 [  0 114 180 255]
 [  0 115 181 255]
 ...
 [ 11  45  76 255]
 [ 15  17  23 255]
 [  0   0   0 255]][[  0 114 181 255]
 [  0 116 182 255]
 [  1 117 183 255]
 ...
 [ 11  46  75 255]
 [ 15  17  23 255]
 [  0   0   0 255]][[  0 116 182 255]
 [  1 117 183 255]
 [  1 119 184 255]
 ...
 [ 13  50  81 255]
 [ 15  18  25 255]
 [  0   0   0 255]][[  0 116 182 255]
 [  1 118 183 255]
 [  1 119 185 255]
 ...
 [ 11  59  89 255]
 [ 14  21  28 255]
 [  0   0   0 255]][[  0 118 183 255]
 [  1 119 184 255]
 [  1 120 185 255]
 ...
 [ 10  58  87 255]
 [ 14  21  27 255]
 [  0   0   0 255]][[  1 119 184 255]
 [  1 120 185 255]
 [  1 121 185 255]
 ...
 [ 12  47  77 255]
 [ 15  17  23 255]
 [  0   0   0 255]][[  1 120 185 255]
 [  1 121 185 255]
 [  0 121 185 255]
 ...
 [ 12  46  76 255]
 [ 15  16  23 255]
 [  0   0   0 255]][[  1 120 184 255]
 [  0 120 184 255]
 [  0 120 184 255]
 ...
 [ 12  45  76 255]
 [ 15  17  23 255]
 [  0   0   0 255]][[  0 118 183 255]
 [  0 119 182 255]
 [  0 119 182 255]
 ...
 [ 12  44  75 255]
 [ 15  17  23 255]
 [  0   0   0 255]][[  0 118 182 255]
 [  0 118 182 255]
 [  0 118 181 255]
 ...
 [ 11  43  75 255]
 [ 15  17  23 255]
 [  0   0   0 255]][[  0 117 181 255]
 [  0 117 181 255]
 [  0 117 180 255]
 ...
 [ 11  43  74 255]
 [ 15  17  23 255]
 [  0   0   0 255]][[  0 116 182 255]
 [  0 116 182 255]
 [  0 117 182 255]
 ...
 [ 11  44  75 255]
 [ 15  17  23 255]
 [  0   0   0 255]][[  0 116 183 255]
 [  0 116 183 255]
 [  0 117 183 255]
 ...
 [ 11  45  75 255]
 [ 15  17  23 255]
 [  0   0   0 255]][[  0 115 184 255]
 [  0 116 184 255]
 [  0 117 185 255]
 ...
 [ 11  46  76 255]
 [ 15  16  23 255]
 [  0   0   0 255]][[  0 115 185 255]
 [  0 116 185 255]
 [  0 117 186 255]
 ...
 [ 11  46  77 255]
 [ 15  16  23 255]
 [  0   0   0 255]][[  0 115 185 255]
 [  0 116 186 255]
 [  0 117 186 255]
 ...
 [ 11  46  77 255]
 [ 15  16  23 255]
 [  0   0   0 255]][[  0 116 185 255]
 [  0 117 186 255]
 [  0 117 187 255]
 ...
 [ 11  46  77 255]
 [ 15  16  23 255]
 [  0   0   0 255]][[  0 117 186 255]
 [  0 117 187 255]
 [  0 118 187 255]
 ...
 [ 11  46  78 255]
 [ 15  16  23 255]
 [  0   0   0 255]][[  0 117 186 255]
 [  0 117 187 255]
 [  0 118 187 255]
 ...
 [ 11  46  78 255]
 [ 15  16  23 255]
 [  0   0   0 255]][[  0 118 187 255]
 [  0 118 187 255]
 [  0 118 187 255]
 ...
 [ 11  47  78 255]
 [ 15  16  23 255]
 [  0   0   0 255]][[  0 118 187 255]
 [  0 118 188 255]
 [  0 118 188 255]
 ...
 [ 11  48  78 255]
 [ 15  16  23 255]
 [  0   0   0 255]][[  0 118 188 255]
 [  0 119 188 255]
 [  0 119 188 255]
 ...
 [ 12  48  78 255]
 [ 15  16  23 255]
 [  0   0   0 255]][[  0 119 188 255]
 [  0 119 188 255]
 [  0 119 188 255]
 ...
 [ 11  48  78 255]
 [ 15  16  23 255]
 [  0   0   0 255]][[  0 119 188 255]
 [  0 119 188 255]
 [  0 119 188 255]
 ...
 [ 11  48  78 255]
 [ 15  16  23 255]
 [  0   0   0 255]][[  0 119 188 255]
 [  0 119 188 255]
 [  0 119 188 255]
 ...
 [ 11  48  78 255]
 [ 15  16  23 255]
 [  0   0   0 255]][[  0 119 188 255]
 [  0 119 188 255]
 [  0 119 188 255]
 ...
 [ 11  48  78 255]
 [ 15  16  23 255]
 [  0   0   0 255]][[  0 118 188 255]
 [  0 118 188 255]
 [  0 119 188 255]
 ...
 [ 11  48  78 255]
 [ 15  16  23 255]
 [  0   0   0 255]][[  0 118 187 255]
 [  0 118 188 255]
 [  0 119 188 255]
 ...
 [ 11  48  78 255]
 [ 15  16  23 255]
 [  0   0   0 255]][[  0 117 187 255]
 [  0 118 188 255]
 [  0 119 189 255]
 ...
 [ 11  48  78 255]
 [ 15  16  23 255]
 [  0   0   0 255]][[  0 117 187 255]
 [  0 119 188 255]
 [  0 120 189 255]
 ...
 [ 11  48  78 255]
 [ 15  16  23 255]
 [  0   0   0 255]][[  0 118 188 255]
 [  0 120 189 255]
 [  0 120 189 255]
 ...
 [ 11  47  78 255]
 [ 15  16  23 255]
 [  0   0   0 255]][[  1 120 189 255]
 [  1 121 190 255]
 [  1 121 190 255]
 ...
 [ 11  46  78 255]
 [ 15  16  23 255]
 [  0   0   0 255]][[  1 121 190 255]
 [  1 122 191 255]
 [  1 123 191 255]
 ...
 [ 11  46  77 255]
 [ 15  16  23 255]
 [  0   0   0 255]][[  1 123 191 255]
 [  1 123 192 255]
 [  1 124 192 255]
 ...
 [ 11  46  77 255]
 [ 15  16  23 255]
 [  0   0   0 255]][[  1 124 192 255]
 [  1 124 192 255]
 [  1 124 192 255]
 ...
 [ 11  45  77 255]
 [ 15  17  23 255]
 [  0   0   0 255]][[  2 126 194 255]
 [  1 126 193 255]
 [  1 126 193 255]
 ...
 [ 11  45  77 255]
 [ 15  17  23 255]
 [  0   0   0 255]][[  2 127 195 255]
 [  1 127 194 255]
 [  1 127 193 255]
 ...
 [ 11  45  77 255]
 [ 15  16  23 255]
 [  0   0   0 255]][[  1 126 194 255]
 [  1 126 193 255]
 [  1 126 193 255]
 ...
 [ 11  47  78 255]
 [ 15  16  23 255]
 [  0   0   0 255]][[  1 125 192 255]
 [  1 126 192 255]
 [  0 126 192 255]
 ...
 [ 12  48  79 255]
 [ 15  16  23 255]
 [  0   0   0 255]][[  0 124 190 255]
 [  0 125 191 255]
 [  0 126 192 255]
 ...
 [ 12  51  81 255]
 [ 15  16  23 255]
 [  0   0   0 255]][[  0 123 190 255]
 [  0 124 190 255]
 [  0 125 191 255]
 ...
 [ 12  51  81 255]
 [ 15  16  23 255]
 [  0   0   0 255]][[  1 124 191 255]
 [  0 124 191 255]
 [  0 125 191 255]
 ...
 [ 12  50  80 255]
 [ 15  16  23 255]
 [  0   0   0 255]][[  1 124 192 255]
 [  1 124 192 255]
 [  0 124 191 255]
 ...
 [ 12  49  80 255]
 [ 15  16  23 255]
 [  0   0   0 255]][[  2 124 192 255]
 [  1 124 192 255]
 [  1 124 191 255]
 ...
 [ 11  48  79 255]
 [ 15  16  23 255]
 [  0   0   0 255]][[  2 124 193 255]
 [  1 124 192 255]
 [  1 123 191 255]
 ...
 [ 11  46  79 255]
 [ 15  16  23 255]
 [  0   0   0 255]][[  1 124 192 255]
 [  1 124 191 255]
 [  0 124 191 255]
 ...
 [ 11  46  79 255]
 [ 15  16  23 255]
 [  0   0   0 255]][[  1 124 191 255]
 [  0 124 191 255]
 [  0 124 191 255]
 ...
 [ 11  46  78 255]
 [ 15  16  23 255]
 [  0   0   0 255]][[  0 124 191 255]
 [  0 124 191 255]
 [  0 124 191 255]
 ...
 [ 11  46  78 255]
 [ 15  16  23 255]
 [  0   0   0 255]][[  0 124 191 255]
 [  0 125 191 255]
 [  0 125 191 255]
 ...
 [ 11  46  78 255]
 [ 15  16  23 255]
 [  0   0   0 255]][[  0 125 191 255]
 [  0 125 192 255]
 [  0 126 192 255]
 ...
 [ 11  46  78 255]
 [ 15  16  23 255]
 [  0   0   0 255]][[  0 126 192 255]
 [  0 127 192 255]
 [  0 128 193 255]
 ...
 [ 11  46  78 255]
 [ 15  16  23 255]
 [  0   0   0 255]][[  0 127 192 255]
 [  0 128 193 255]
 [  0 129 194 255]
 ...
 [ 11  45  78 255]
 [ 15  17  23 255]
 [  0   0   0 255]][[  0 128 193 255]
 [  0 129 194 255]
 [  0 130 195 255]
 ...
 [ 11  46  78 255]
 [ 15  16  23 255]
 [  0   0   0 255]][[  0 130 195 255]
 [  0 131 195 255]
 [  0 131 196 255]
 ...
 [ 12  46  78 255]
 [ 15  16  23 255]
 [  0   0   0 255]][[  0 132 196 255]
 [  0 132 196 255]
 [  0 133 197 255]
 ...
 [ 12  46  78 255]
 [ 15  16  23 255]
 [  0   0   0 255]][[  0 133 197 255]
 [  0 133 197 255]
 [  0 134 197 255]
 ...
 [ 12  46  78 255]
 [ 15  16  23 255]
 [  0   0   0 255]][[  0 134 198 255]
 [  0 134 198 255]
 [  0 135 198 255]
 ...
 [ 12  46  79 255]
 [ 15  16  23 255]
 [  0   0   0 255]][[  0 135 199 255]
 [  0 135 199 255]
 [  0 136 200 255]
 ...
 [ 11  47  79 255]
 [ 15  16  23 255]
 [  0   0   0 255]][[  0 136 200 255]
 [  0 136 200 255]
 [  0 137 200 255]
 ...
 [ 11  48  79 255]
 [ 15  16  23 255]
 [  0   0   0 255]][[  0 135 200 255]
 [  0 135 200 255]
 [  0 136 201 255]
 ...
 [ 11  48  80 255]
 [ 15  16  23 255]
 [  0   0   0 255]][[  0 133 199 255]
 [  1 133 199 255]
 [  1 134 200 255]
 ...
 [ 12  49  80 255]
 [ 15  16  23 255]
 [  0   0   0 255]][[  1 131 199 255]
 [  1 132 199 255]
 [  1 132 199 255]
 ...
 [ 12  50  80 255]
 [ 15  16  23 255]
 [  0   0   0 255]][[  1 129 198 255]
 [  1 130 198 255]
 [  2 130 198 255]
 ...
 [ 12  51  81 255]
 [ 15  16  23 255]
 [  0   0   0 255]][[  2 133 200 255]
 [  2 133 200 255]
 [  3 134 201 255]
 ...
 [ 12  51  81 255]
 [ 15  16  23 255]
 [  0   0   0 255]][[  3 139 205 255]
 [  3 139 205 255]
 [  3 139 205 255]
 ...
 [ 12  51  81 255]
 [ 15  16  23 255]
 [  0   0   0 255]][[  4 145 208 255]
 [  4 145 208 255]
 [  4 145 208 255]
 ...
 [ 12  51  81 255]
 [ 15  16  23 255]
 [  0   0   0 255]][[  5 150 212 255]
 [  4 149 212 255]
 [  4 149 211 255]
 ...
 [ 11  52  81 255]
 [ 15  16  23 255]
 [  0   0   0 255]][[  4 146 209 255]
 [  4 146 209 255]
 [  3 146 209 255]
 ...
 [ 11  52  81 255]
 [ 15  16  23 255]
 [  0   0   0 255]][[  2 140 205 255]
 [  2 140 205 255]
 [  2 141 205 255]
 ...
 [ 11  52  81 255]
 [ 15  16  23 255]
 [  0   0   0 255]][[  1 134 201 255]
 [  1 134 201 255]
 [  1 135 201 255]
 ...
 [ 12  53  81 255]
 [ 15  16  23 255]
 [  0   0   0 255]][[  0 130 198 255]
 [  0 131 199 255]
 [  0 132 199 255]
 ...
 [ 12  53  81 255]
 [ 15  16  23 255]
 [  0   0   0 255]][[  0 133 201 255]
 [  0 133 202 255]
 [  0 134 202 255]
 ...
 [ 11  52  80 255]
 [ 15  16  23 255]
 [  0   0   0 255]][[  0 136 205 255]
 [  0 136 205 255]
 [  0 137 205 255]
 ...
 [ 11  50  80 255]
 [ 15  16  23 255]
 [  0   0   0 255]][[  0 138 208 255]
 [  0 138 208 255]
 [  0 139 208 255]
 ...
 [ 11  48  80 255]
 [ 15  16  23 255]
 [  0   0   0 255]][[  0 138 208 255]
 [  0 138 208 255]
 [  0 138 208 255]
 ...
 [ 11  48  79 255]
 [ 15  16  23 255]
 [  0   0   0 255]][[  1 135 205 255]
 [  1 135 206 255]
 [  1 135 206 255]
 ...
 [ 11  49  80 255]
 [ 15  16  23 255]
 [  0   0   0 255]][[  1 132 203 255]
 [  1 132 203 255]
 [  1 132 204 255]
 ...
 [ 11  50  80 255]
 [ 15  16  23 255]
 [  0   0   0 255]][[  2 130 201 255]
 [  2 130 201 255]
 [  2 130 202 255]
 ...
 [ 11  50  80 255]
 [ 15  16  23 255]
 [  0   0   0 255]][[  2 130 200 255]
 [  2 130 201 255]
 [  3 131 201 255]
 ...
 [ 11  50  81 255]
 [ 15  16  23 255]
 [  0   0   0 255]][[  2 132 200 255]
 [  2 131 201 255]
 [  3 133 201 255]
 ...
 [ 11  50  81 255]
 [ 15  16  23 255]
 [  0   0   0 255]][[  2 133 200 255]
 [  2 133 201 255]
 [  3 133 201 255]
 ...
 [ 11  50  81 255]
 [ 15  16  23 255]
 [  0   0   0 255]][[  2 134 200 255]
 [  3 135 201 255]
 [  3 136 202 255]
 ...
 [ 11  50  81 255]
 [ 15  16  23 255]
 [  0   0   0 255]][[  2 138 202 255]
 [  2 139 203 255]
 [  3 139 203 255]
 ...
 [ 11  50  81 255]
 [ 15  16  23 255]
 [  0   0   0 255]][[  1 142 203 255]
 [  2 142 204 255]
 [  2 143 204 255]
 ...
 [ 11  50  81 255]
 [ 15  16  23 255]
 [  0   0   0 255]][[  1 147 205 255]
 [  1 147 205 255]
 [  1 147 205 255]
 ...
 [ 11  51  81 255]
 [ 15  16  23 255]
 [  0   0   0 255]][[  1 148 206 255]
 [  1 148 206 255]
 [  1 148 206 255]
 ...
 [ 11  51  81 255]
 [ 15  16  23 255]
 [  0   0   0 255]][[  1 143 206 255]
 [  1 143 206 255]
 [  1 143 206 255]
 ...
 [ 11  51  81 255]
 [ 15  16  23 255]
 [  0   0   0 255]][[  2 138 206 255]
 [  1 138 206 255]
 [  1 138 206 255]
 ...
 [ 11  51  82 255]
 [ 15  16  23 255]
 [  0   0   0 255]][[  2 133 206 255]
 [  2 133 206 255]
 [  2 133 206 255]
 ...
 [ 11  52  82 255]
 [ 15  16  23 255]
 [  0   0   0 255]][[  2 130 205 255]
 [  2 130 205 255]
 [  2 130 205 255]
 ...
 [ 11  52  82 255]
 [ 15  16  23 255]
 [  0   0   0 255]][[  1 130 204 255]
 [  1 130 204 255]
 [  1 131 204 255]
 ...
 [ 11  52  82 255]
 [ 15  16  23 255]
 [  0   0   0 255]][[  0 130 202 255]
 [  0 131 203 255]
 [  0 131 203 255]
 ...
 [ 11  52  82 255]
 [ 15  16  23 255]
 [  0   0   0 255]][[  0 130 202 255]
 [  0 131 202 255]
 [  0 131 203 255]
 ...
 [ 11  52  82 255]
 [ 15  16  23 255]
 [  0   0   0 255]][[  1 134 203 255]
 [  1 135 204 255]
 [  1 135 204 255]
 ...
 [ 12  53  83 255]
 [ 15  16  23 255]
 [  0   0   0 255]][[  3 139 206 255]
 [  3 140 206 255]
 [  3 140 207 255]
 ...
 [ 12  54  84 255]
 [ 15  16  23 255]
 [  0   0   0 255]][[  4 144 209 255]
 [  4 145 209 255]
 [  5 145 209 255]
 ...
 [ 12  55  85 255]
 [ 15  16  23 255]
 [  0   0   0 255]][[  6 150 212 255]
 [  6 150 212 255]
 [  7 150 212 255]
 ...
 [ 14  56  85 255]
 [ 15  16  23 255]
 [  0   0   0 255]][[  5 150 211 255]
 [  5 150 211 255]
 [  5 150 211 255]
 ...
 [ 12  56  85 255]
 [ 15  16  23 255]
 [  0   0   0 255]][[  4 151 211 255]
 [  4 151 211 255]
 [  5 151 211 255]
 ...
 [ 12  55  84 255]
 [ 15  16  23 255]
 [  0   0   0 255]][[  3 152 210 255]
 [  3 152 210 255]
 [  3 152 210 255]
 ...
 [ 12  54  83 255]
 [ 15  16  23 255]
 [  0   0   0 255]][[  2 151 209 255]
 [  2 151 209 255]
 [  2 151 209 255]
 ...
 [ 11  54  83 255]
 [ 15  16  23 255]
 [  0   0   0 255]][[  2 145 208 255]
 [  2 145 207 255]
 [  2 145 207 255]
 ...
 [ 11  54  83 255]
 [ 15  16  23 255]
 [  0   0   0 255]][[  3 140 206 255]
 [  2 139 205 255]
 [  2 138 204 255]
 ...
 [ 11  54  83 255]
 [ 15  16  23 255]
 [  0   0   0 255]][[  3 134 204 255]
 [  2 133 203 255]
 [  1 132 202 255]
 ...
 [ 11  53  83 255]
 [ 15  16  23 255]
 [  0   0   0 255]][[  3 131 203 255]
 [  2 130 202 255]
 [  1 129 201 255]
 ...
 [ 11  53  83 255]
 [ 15  16  23 255]
 [  0   0   0 255]][[  2 130 202 255]
 [  1 129 201 255]
 [  1 128 200 255]
 ...
 [ 12  54  84 255]
 [ 15  16  23 255]
 [  0   0   0 255]][[  1 128 200 255]
 [  1 128 200 255]
 [  0 128 200 255]
 ...
 [ 13  56  85 255]
 [ 15  16  23 255]
 [  0   0   0 255]][[  0 128 200 255]
 [  0 128 200 255]
 [  0 127 200 255]
 ...
 [ 14  56  85 255]
 [ 15  16  23 255]
 [  0   0   0 255]][[  0 128 200 255]
 [  0 128 200 255]
 [  0 128 200 255]
 ...
 [ 14  57  86 255]
 [ 15  16  23 255]
 [  0   0   0 255]][[  0 128 200 255]
 [  0 128 200 255]
 [  0 128 200 255]
 ...
 [ 14  57  85 255]
 [ 15  16  23 255]
 [  0   0   0 255]][[  1 129 201 255]
 [  1 129 201 255]
 [  1 129 201 255]
 ...
 [ 13  56  85 255]
 [ 15  16  23 255]
 [  0   0   0 255]][[  1 129 201 255]
 [  1 129 201 255]
 [  1 129 201 255]
 ...
 [ 13  56  85 255]
 [ 15  16  23 255]
 [  0   0   0 255]][[  1 130 201 255]
 [  1 130 201 255]
 [  1 130 201 255]
 ...
 [ 12  56  85 255]
 [ 15  16  23 255]
 [  0   0   0 255]][[  1 130 202 255]
 [  1 130 202 255]
 [  1 130 202 255]
 ...
 [ 12  55  84 255]
 [ 15  16  23 255]
 [  0   0   0 255]][[  2 130 202 255]
 [  2 130 202 255]
 [  2 130 202 255]
 ...
 [ 12  54  83 255]
 [ 15  16  23 255]
 [  0   0   0 255]][[  2 130 202 255]
 [  2 130 202 255]
 [  2 130 202 255]
 ...
 [ 11  54  83 255]
 [ 15  16  23 255]
 [  0   0   0 255]][[  1 130 202 255]
 [  1 130 202 255]
 [  2 130 202 255]
 ...
 [ 12  54  83 255]
 [ 15  16  23 255]
 [  0   0   0 255]][[  1 130 202 255]
 [  1 130 202 255]
 [  1 130 202 255]
 ...
 [ 12  54  84 255]
 [ 15  16  23 255]
 [  0   0   0 255]][[  0 129 201 255]
 [  0 130 202 255]
 [  1 130 202 255]
 ...
 [ 13  54  85 255]
 [ 15  16  23 255]
 [  0   0   0 255]][[  0 129 201 255]
 [  0 129 201 255]
 [  1 130 202 255]
 ...
 [ 14  54  85 255]
 [ 15  16  23 255]
 [  0   0   0 255]][[  0 129 201 255]
 [  0 129 201 255]
 [  0 129 201 255]
 ...
 [ 12  54  85 255]
 [ 15  16  23 255]
 [  0   0   0 255]][[  0 129 201 255]
 [  0 129 201 255]
 [  0 129 201 255]
 ...
 [ 12  53  83 255]
 [ 15  16  23 255]
 [  0   0   0 255]][[  0 128 200 255]
 [  0 129 201 255]
 [  0 129 201 255]
 ...
 [ 11  52  83 255]
 [ 15  16  23 255]
 [  0   0   0 255]][[  0 128 200 255]
 [  0 129 201 255]
 [  0 129 201 255]
 ...
 [ 11  52  83 255]
 [ 15  16  23 255]
 [  0   0   0 255]][[  0 128 200 255]
 [  0 129 201 255]
 [  0 129 201 255]
 ...
 [ 11  52  83 255]
 [ 15  16  23 255]
 [  0   0   0 255]][[  0 128 200 255]
 [  0 129 201 255]
 [  0 129 201 255]
 ...
 [ 11  52  83 255]
 [ 15  16  23 255]
 [  0   0   0 255]][[  0 128 200 255]
 [  0 129 201 255]
 [  0 129 201 255]
 ...
 [ 11  52  83 255]
 [ 15  16  23 255]
 [  0   0   0 255]][[  1 129 201 255]
 [  1 130 202 255]
 [  1 130 202 255]
 ...
 [ 11  52  83 255]
 [ 15  16  23 255]
 [  0   0   0 255]][[  2 130 202 255]
 [  2 131 203 255]
 [  2 131 203 255]
 ...
 [ 11  53  83 255]
 [ 15  16  23 255]
 [  0   0   0 255]][[  2 131 203 255]
 [  2 131 203 255]
 [  2 131 203 255]
 ...
 [ 11  53  83 255]
 [ 15  16  23 255]
 [  0   0   0 255]][[  3 133 205 255]
 [  3 133 205 255]
 [  3 133 205 255]
 ...
 [ 11  53  83 255]
 [ 15  16  23 255]
 [  0   0   0 255]][[  2 136 207 255]
 [  2 136 207 255]
 [  2 136 207 255]
 ...
 [ 11  53  83 255]
 [ 15  16  23 255]
 [  0   0   0 255]][[  2 139 209 255]
 [  2 139 209 255]
 [  2 139 209 255]
 ...
 [ 11  52  83 255]
 [ 15  16  23 255]
 [  0   0   0 255]][[  1 142 211 255]
 [  1 142 211 255]
 [  1 142 211 255]
 ...
 [ 11  52  83 255]
 [ 15  16  23 255]
 [  0   0   0 255]][[  1 143 211 255]
 [  1 143 212 255]
 [  1 143 212 255]
 ...
 [ 12  53  83 255]
 [ 15  16  23 255]
 [  0   0   0 255]][[  1 142 211 255]
 [  1 142 211 255]
 [  1 143 212 255]
 ...
 [ 12  54  85 255]
 [ 15  16  23 255]
 [  0   0   0 255]][[  0 141 211 255]
 [  0 142 211 255]
 [  1 142 211 255]
 ...
 [ 15  60  93 255]
 [ 16  18  25 255]
 [  0   0   0 255]][[  0 141 210 255]
 [  0 141 211 255]
 [  1 142 211 255]
 ...
 [ 14  59  90 255]
 [ 15  17  24 255]
 [  0   0   0 255]][[  0 141 211 255]
 [  1 142 211 255]
 [  1 142 211 255]
 ...
 [ 13  57  87 255]
 [ 15  17  23 255]
 [  0   0   0 255]][[  1 143 212 255]
 [  1 143 212 255]
 [  1 143 212 255]
 ...
 [ 12  55  85 255]
 [ 15  16  23 255]
 [  0   0   0 255]][[  2 144 213 255]
 [  2 144 213 255]
 [  1 143 212 255]
 ...
 [ 12  54  85 255]
 [ 15  16  23 255]
 [  0   0   0 255]][[  3 145 213 255]
 [  2 144 213 255]
 [  2 143 212 255]
 ...
 [ 11  54  85 255]
 [ 15  16  23 255]
 [  0   0   0 255]][[  2 144 213 255]
 [  2 144 213 255]
 [  2 143 212 255]
 ...
 [ 11  55  85 255]
 [ 15  16  23 255]
 [  0   0   0 255]][[  1 143 212 255]
 [  1 143 212 255]
 [  1 143 212 255]
 ...
 [ 11  56  85 255]
 [ 15  16  23 255]
 [  0   0   0 255]][[  1 143 212 255]
 [  1 143 212 255]
 [  1 143 212 255]
 ...
 [ 12  56  85 255]
 [ 15  16  23 255]
 [  0   0   0 255]][[  0 142 211 255]
 [  1 143 212 255]
 [  1 143 212 255]
 ...
 [ 11  56  85 255]
 [ 15  16  23 255]
 [  0   0   0 255]][[  0 143 212 255]
 [  1 144 213 255]
 [  1 145 214 255]
 ...
 [ 11  55  85 255]
 [ 15  16  23 255]
 [  0   0   0 255]][[  0 144 212 255]
 [  1 145 213 255]
 [  1 146 214 255]
 ...
 [ 11  54  85 255]
 [ 15  16  23 255]
 [  0   0   0 255]][[  0 145 213 255]
 [  1 146 214 255]
 [  1 147 215 255]
 ...
 [ 11  54  84 255]
 [ 15  16  23 255]
 [  0   0   0 255]][[  0 146 214 255]
 [  1 147 215 255]
 [  1 148 216 255]
 ...
 [ 11  54  83 255]
 [ 15  16  23 255]
 [  0   0   0 255]][[  0 147 215 255]
 [  1 148 216 255]
 [  2 149 216 255]
 ...
 [ 11  54  83 255]
 [ 15  16  23 255]
 [  0   0   0 255]][[  1 148 215 255]
 [  1 148 216 255]
 [  2 149 217 255]
 ...
 [ 11  54  83 255]
 [ 15  16  23 255]
 [  0   0   0 255]][[  1 149 216 255]
 [  2 149 217 255]
 [  2 150 217 255]
 ...
 [ 11  54  83 255]
 [ 15  16  23 255]
 [  0   0   0 255]][[  1 149 217 255]
 [  2 149 217 255]
 [  2 150 217 255]
 ...
 [  9  57  84 255]
 [ 14  17  23 255]
 [  0   0   0 255]][[  2 149 217 255]
 [  2 149 217 255]
 [  2 149 217 255]
 ...
 [ 11  61  90 255]
 [ 15  18  25 255]
 [  0   0   0 255]][[  3 150 218 255]
 [  2 150 217 255]
 [  2 149 217 255]
 ...
 [ 13  59  90 255]
 [ 15  17  25 255]
 [  0   0   0 255]][[  3 150 218 255]
 [  2 150 217 255]
 [  2 149 217 255]
 ...
 [ 13  56  84 255]
 [ 15  16  23 255]
 [  0   0   0 255]][[  2 149 217 255]
 [  2 149 217 255]
 [  1 148 216 255]
 ...
 [ 12  55  84 255]
 [ 15  16  23 255]
 [  0   0   0 255]][[  1 148 215 255]
 [  1 148 215 255]
 [  1 147 215 255]
 ...
 [ 11  54  83 255]
 [ 15  16  23 255]
 [  0   0   0 255]][[  0 146 214 255]
 [  1 146 214 255]
 [  0 147 214 255]
 ...
 [ 11  54  83 255]
 [ 15  16  23 255]
 [  0   0   0 255]][[  0 147 214 255]
 [  0 147 215 255]
 [  0 148 215 255]
 ...
 [ 11  53  83 255]
 [ 15  16  23 255]
 [  0   0   0 255]][[  3 152 218 255]
 [  2 152 218 255]
 [  2 152 218 255]
 ...
 [ 11  54  84 255]
 [ 15  16  23 255]
 [  0   0   0 255]][[  4 157 221 255]
 [  3 157 221 255]
 [  3 157 221 255]
 ...
 [ 11  54  85 255]
 [ 15  16  23 255]
 [  0   0   0 255]][[  6 162 224 255]
 [  5 162 224 255]
 [  5 162 224 255]
 ...
 [ 12  54  85 255]
 [ 15  16  23 255]
 [  0   0   0 255]][[  6 163 225 255]
 [  5 163 224 255]
 [  5 163 224 255]
 ...
 [ 12  54  85 255]
 [ 15  16  23 255]
 [  0   0   0 255]][[  4 160 224 255]
 [  4 160 223 255]
 [  4 161 223 255]
 ...
 [ 12  54  85 255]
 [ 15  16  23 255]
 [  0   0   0 255]][[  2 158 222 255]
 [  2 158 221 255]
 [  2 159 220 255]
 ...
 [ 12  54  85 255]
 [ 15  16  23 255]
 [  0   0   0 255]][[  0 156 220 255]
 [  0 156 219 255]
 [  0 156 218 255]
 ...
 [ 12  54  85 255]
 [ 15  16  23 255]
 [  0   0   0 255]][[  3 158 221 255]
 [  3 159 220 255]
 [  3 159 220 255]
 ...
 [ 12  54  85 255]
 [ 15  16  23 255]
 [  0   0   0 255]][[  7 163 223 255]
 [  6 163 223 255]
 [  6 164 223 255]
 ...
 [ 12  54  85 255]
 [ 15  16  23 255]
 [  0   0   0 255]][[ 11 167 225 255]
 [ 11 168 225 255]
 [ 10 168 225 255]
 ...
 [ 11  53  85 255]
 [ 15  16  23 255]
 [  0   0   0 255]][[ 13 170 227 255]
 [ 13 170 226 255]
 [ 13 171 226 255]
 ...
 [ 11  53  84 255]
 [ 15  16  23 255]
 [  0   0   0 255]][[ 10 167 225 255]
 [ 10 167 225 255]
 [ 10 168 225 255]
 ...
 [ 11  53  84 255]
 [ 15  16  23 255]
 [  0   0   0 255]][[  6 162 223 255]
 [  6 163 223 255]
 [  6 164 223 255]
 ...
 [ 11  53  84 255]
 [ 15  16  23 255]
 [  0   0   0 255]][[  2 159 221 255]
 [  2 159 221 255]
 [  2 160 221 255]
 ...
 [ 11  53  85 255]
 [ 15  16  23 255]
 [  0   0   0 255]][[  0 156 220 255]
 [  0 157 220 255]
 [  0 157 220 255]
 ...
 [ 11  53  85 255]
 [ 15  16  23 255]
 [  0   0   0 255]][[  0 154 219 255]
 [  0 155 219 255]
 [  0 155 219 255]
 ...
 [ 11  53  85 255]
 [ 15  16  23 255]
 [  0   0   0 255]][[  0 152 218 255]
 [  0 152 218 255]
 [  0 153 218 255]
 ...
 [ 11  53  85 255]
 [ 15  16  23 255]
 [  0   0   0 255]][[  0 151 218 255]
 [  0 151 218 255]
 [  0 152 218 255]
 ...
 [ 11  53  85 255]
 [ 15  16  23 255]
 [  0   0   0 255]][[  1 151 218 255]
 [  1 151 218 255]
 [  1 151 218 255]
 ...
 [ 11  54  85 255]
 [ 15  16  23 255]
 [  0   0   0 255]][[  2 153 220 255]
 [  2 153 220 255]
 [  2 153 220 255]
 ...
 [ 11  54  85 255]
 [ 15  16  23 255]
 [  0   0   0 255]][[  3 154 221 255]
 [  3 154 220 255]
 [  3 154 220 255]
 ...
 [ 11  54  85 255]
 [ 15  16  23 255]
 [  0   0   0 255]][[  5 156 222 255]
 [  4 156 222 255]
 [  4 155 222 255]
 ...
 [ 11  54  85 255]
 [ 15  16  23 255]
 [  0   0   0 255]][[  4 155 221 255]
 [  3 154 221 255]
 [  3 154 220 255]
 ...
 [ 12  55  85 255]
 [ 15  16  23 255]
 [  0   0   0 255]][[  3 154 220 255]
 [  3 153 220 255]
 [  2 153 220 255]
 ...
 [ 12  56  86 255]
 [ 15  16  23 255]
 [  0   0   0 255]][[  1 152 218 255]
 [  1 152 218 255]
 [  1 151 218 255]
 ...
 [ 12  57  87 255]
 [ 15  16  22 255]
 [  0   0   0 255]][[  0 150 217 255]
 [  0 150 217 255]
 [  0 150 217 255]
 ...
 [ 13  58  87 255]
 [ 15  16  22 255]
 [  0   0   0 255]][[  0 150 217 255]
 [  0 150 217 255]
 [  0 150 217 255]
 ...
 [ 13  59  87 255]
 [ 15  16  22 255]
 [  0   0   0 255]][[  0 155 224 255]
 [  0 155 224 255]
 [  0 156 224 255]
 ...
 [ 13  63  91 255]
 [ 15  16  23 255]
 [  0   0   0 255]][[ 12  77 109 255]
 [ 12  77 109 255]
 [ 12  77 109 255]
 ...
 [ 17  40  54 255]
 [ 16  18  22 255]
 [  0   0   0 255]]