recognize
6
16 32
16 16 32 100 56 25 21 31 26 17 30 32 29 30 23 22 33 42 48 23 22 15 44 46 20 30 46 29 37 49 33 25 
29 27 87 190 109 26 22 79 142 143 133 134 130 132 70 32 26 158 185 77 30 42 134 166 65 123 183 75 108 177 109 43 
57 138 192 255 208 141 135 146 239 238 216 239 249 243 105 33 26 149 254 180 33 39 237 242 66 213 254 78 179 255 117 32 
82 242 246 255 252 236 201 68 101 99 108 194 242 236 65 13 46 53 194 249 114 84 254 196 78 251 215 64 249 238 55 38 
49 107 254 218 123 122 88 23 27 35 108 221 254 111 30 37 25 34 76 145 57 166 255 94 171 253 129 154 252 166 30 28 
27 72 254 187 200 96 27 29 75 137 222 255 207 63 26 32 40 27 36 51 49 234 229 83 225 232 86 214 246 67 41 43 
31 174 241 128 254 125 57 133 194 237 231 225 234 188 123 46 81 155 162 141 93 255 196 64 255 204 69 255 220 28 47 38 
57 225 248 191 254 199 164 230 247 188 99 82 181 242 181 65 123 234 238 241 103 228 233 80 226 217 84 223 224 89 33 41 
54 250 241 216 251 236 159 158 168 124 81 83 124 177 146 41 68 131 185 254 97 152 255 136 146 255 128 131 255 177 33 57 
31 91 83 154 255 174 76 137 221 203 213 231 201 217 159 48 39 35 178 254 98 81 238 217 85 245 209 76 227 244 88 45 
46 58 64 151 253 175 134 125 146 170 234 249 156 172 113 41 44 37 189 250 85 54 196 255 99 168 255 122 140 255 180 43 
87 193 198 220 255 249 195 42 71 62 234 255 72 71 56 39 47 54 181 253 106 52 118 255 183 105 249 207 81 242 245 78 
83 220 200 201 250 186 79 38 48 40 217 255 51 48 43 40 55 131 236 251 198 110 98 158 117 60 167 116 62 173 146 87 
62 104 76 133 249 137 88 147 143 150 249 250 142 137 148 91 114 247 234 206 224 221 207 211 158 156 205 181 159 223 207 104 
44 52 34 113 255 134 127 239 229 228 254 253 245 242 232 117 113 238 141 83 133 190 216 243 243 245 241 253 255 254 244 109 
41 44 45 80 165 93 76 131 128 125 130 132 124 140 135 68 57 138 74 47 63 86 106 125 144 153 126 142 146 120 134 64 
16 32
22 15 24 69 77 32 18 30 32 23 19 20 20 22 24 28 17 35 62 39 16 27 35 34 39 36 36 39 36 38 50 30 
22 24 59 147 159 73 27 61 113 143 142 143 148 143 108 51 29 89 168 141 48 22 81 166 116 90 159 130 88 142 142 68 
46 96 159 227 229 170 131 135 186 235 234 232 239 229 168 62 38 96 199 226 119 44 130 241 150 132 236 170 122 226 187 79 
62 165 242 254 249 246 222 132 91 96 99 144 216 247 153 45 28 40 123 226 174 96 175 214 142 171 223 149 156 245 148 46 
40 70 193 238 167 124 102 49 32 22 66 164 240 188 68 37 24 36 67 108 98 120 216 173 134 209 192 140 208 207 98 29 
28 55 169 217 185 160 64 25 49 109 187 242 231 130 50 35 36 33 17 36 60 131 226 151 157 222 159 152 230 156 63 37 
34 97 192 201 191 184 86 99 167 219 236 235 239 215 162 73 58 126 162 155 131 179 234 134 172 232 136 160 246 122 38 46 
41 148 242 225 230 231 180 197 233 206 127 85 132 204 221 113 92 179 240 233 167 164 228 150 162 223 153 152 231 152 55 45 
39 143 229 222 247 243 200 167 160 150 120 102 104 140 158 93 62 90 157 229 186 133 206 192 145 196 196 140 187 213 108 43 
33 71 106 124 196 212 110 124 176 206 198 206 200 224 192 115 45 33 109 222 175 78 169 222 151 167 221 150 148 236 169 61 
39 49 63 97 191 226 163 125 131 165 209 255 209 157 139 80 38 42 114 221 176 82 123 218 184 145 210 188 139 204 219 110 
66 139 194 213 251 249 216 118 56 67 140 235 167 73 63 46 42 50 115 225 177 71 89 198 214 136 189 226 149 160 247 156 
70 158 206 199 233 216 129 75 37 35 140 234 154 43 30 58 47 94 186 244 233 153 110 124 136 91 117 144 92 111 159 118 
49 77 92 106 183 201 107 115 141 145 198 253 209 153 155 114 89 171 236 221 222 222 204 208 204 158 171 198 176 200 221 151 
43 39 45 78 173 204 132 174 234 236 240 255 241 235 240 160 115 180 191 115 109 153 203 224 244 240 248 253 245 250 244 166 
49 43 50 68 123 131 86 103 133 133 128 130 123 130 134 99 70 96 97 54 53 78 101 117 132 142 139 135 139 134 135 99 
16 32
26 23 27 26 22 19 21 27 27 52 55 49 28 23 29 19 31 25 22 9 27 29 25 37 23 23 32 30 20 36 26 47 
36 104 110 104 113 117 22 99 109 110 109 100 87 92 101 26 26 84 93 42 20 100 96 110 102 102 102 97 90 98 107 52 
43 217 216 211 242 242 44 189 228 220 222 218 216 221 213 65 37 169 211 108 35 211 202 204 227 228 217 213 212 205 216 61 
31 134 130 111 212 239 63 220 252 173 157 164 167 191 169 54 30 129 231 219 70 145 130 205 245 254 156 131 125 167 142 67 
33 123 134 35 203 209 52 209 249 61 114 27 54 157 95 21 35 39 144 200 82 84 140 199 254 226 93 24 86 174 112 75 
25 204 227 50 236 209 62 225 242 118 234 85 121 253 116 35 36 32 53 80 72 183 237 186 189 255 152 88 195 234 131 79 
17 223 223 53 235 191 34 217 238 84 234 200 213 237 65 24 53 100 105 110 65 162 143 148 175 236 237 204 239 159 105 48 
35 236 199 89 251 192 40 209 254 37 119 250 253 165 27 42 110 241 234 242 88 115 141 211 208 166 254 254 223 110 81 44 
70 251 230 169 253 204 94 206 240 39 54 251 255 153 29 30 80 154 195 254 109 155 220 170 124 169 248 252 235 193 87 38 
90 204 201 187 199 247 155 229 246 28 101 246 238 193 56 29 45 44 167 254 87 94 151 131 186 209 253 253 214 249 150 54 
89 118 91 114 110 254 136 207 243 74 206 229 196 254 137 87 52 47 157 251 112 136 197 214 207 132 216 244 137 203 216 62 
120 135 132 180 140 254 131 210 242 157 255 149 67 237 208 101 102 90 184 249 115 219 209 146 162 135 234 238 100 93 121 51 
132 210 200 172 166 255 102 221 249 149 192 62 62 196 174 115 104 112 210 248 180 149 85 81 206 232 235 161 79 57 57 41 
87 106 113 68 164 250 78 222 252 141 170 136 140 165 171 105 102 190 235 224 237 215 163 139 194 223 206 155 137 124 131 90 
38 38 129 147 229 229 64 194 238 210 220 242 244 230 235 136 99 230 202 159 174 225 234 241 228 225 224 232 231 221 240 125 
44 49 152 193 183 133 53 122 143 173 179 168 188 178 140 103 64 176 93 49 57 129 165 198 194 218 203 179 174 165 168 78 
16 32
19 22 26 26 23 21 28 14 33 45 51 56 40 28 17 21 23 25 22 16 20 31 26 26 25 25 26 28 30 31 27 37 
27 72 105 110 107 112 71 49 102 118 106 112 90 90 88 66 29 47 93 67 37 66 99 100 100 101 101 99 97 96 103 82 
43 133 204 222 228 244 144 121 205 229 209 223 208 221 216 141 50 97 200 149 72 114 207 212 219 223 223 217 209 204 209 133 
35 80 131 123 162 228 149 137 241 208 152 172 170 170 184 97 54 79 178 223 147 102 137 172 213 250 211 155 123 152 151 106 
25 73 139 95 123 206 149 134 224 161 89 62 37 115 118 67 35 20 97 180 140 90 110 178 236 239 145 53 59 126 149 102 
27 104 209 130 138 220 129 129 231 189 170 161 108 194 179 68 32 34 44 59 77 137 219 195 191 226 204 124 148 215 173 108 
23 124 234 143 152 222 126 132 219 163 159 219 199 215 163 44 39 92 118 113 88 105 152 146 152 205 251 217 215 203 143 87 
31 139 221 142 164 216 106 127 217 137 83 192 254 218 95 27 74 156 219 240 168 104 137 192 199 177 219 252 243 165 86 51 
55 170 243 202 212 232 153 159 236 143 43 147 247 194 97 33 64 124 188 234 185 129 185 186 167 154 204 253 251 217 132 73 
70 154 204 198 198 222 206 183 232 142 76 176 251 228 118 49 27 29 110 211 172 90 131 130 158 189 227 253 228 236 207 118 
87 105 100 102 119 185 194 178 234 156 135 215 224 213 191 113 70 48 110 205 183 130 160 203 220 171 171 241 197 163 204 125 
103 116 145 154 157 199 198 160 232 203 201 210 110 155 227 158 108 89 138 205 194 163 191 188 149 140 201 234 177 104 104 80 
108 166 207 187 166 203 181 170 239 191 179 130 55 140 172 145 113 110 172 236 217 168 137 81 124 216 234 200 137 59 44 48 
78 97 105 93 122 207 166 152 233 188 163 144 142 172 166 140 106 136 205 240 233 215 189 145 160 210 211 182 152 121 134 108 
33 40 86 139 183 229 139 133 220 223 211 227 247 222 236 176 123 172 213 174 172 206 223 242 241 227 227 233 230 224 237 171 
35 41 103 173 183 170 91 94 126 162 181 182 183 184 162 116 73 115 129 63 52 92 148 168 202 218 207 192 181 170 166 122 
16 32
21 24 20 22 25 19 12 20 36 43 48 46 35 27 25 21 16 25 21 17 18 23 27 26 26 24 26 27 27 29 34 45 
23 56 52 55 58 47 36 51 78 75 76 68 53 43 41 34 24 51 41 33 36 49 58 60 57 56 58 59 56 52 53 58 
47 221 237 233 245 237 43 176 214 209 205 199 197 196 205 67 21 158 198 54 44 206 206 212 209 221 206 220 205 206 208 54 
39 168 151 152 217 248 55 218 244 223 221 222 215 237 204 61 32 160 248 212 36 180 175 203 254 254 209 161 178 191 184 69 
28 87 94 27 192 220 71 213 248 36 60 30 50 116 64 23 31 40 180 245 100 54 92 195 235 227 79 32 41 129 82 68 
24 201 226 46 222 212 65 202 247 127 217 53 99 255 133 37 25 33 68 73 60 195 227 237 226 254 113 62 184 244 165 74 
20 220 222 58 228 209 34 223 250 104 241 171 204 229 61 35 51 63 59 78 66 203 176 104 145 248 248 165 251 182 87 70 
25 233 193 84 250 182 27 213 231 31 172 254 254 192 44 27 99 225 220 223 87 66 118 199 236 196 246 254 204 111 88 43 
55 251 208 143 244 180 87 211 253 32 60 243 238 121 28 51 94 209 241 253 90 192 227 219 122 131 254 244 246 140 69 44 
95 236 225 234 237 254 157 208 245 47 56 253 254 179 48 32 36 42 157 251 98 114 155 84 165 241 239 253 238 246 138 46 
84 131 109 96 112 254 137 221 250 51 200 245 213 253 113 68 35 31 160 237 111 94 147 234 238 150 229 247 141 244 228 62 
101 83 100 146 130 252 146 209 244 130 252 183 97 237 213 93 105 79 181 251 126 238 241 208 120 93 226 251 103 114 131 58 
140 231 229 222 178 246 113 207 255 194 228 74 59 191 215 118 98 104 174 250 146 145 111 58 219 240 238 184 86 58 58 42 
107 142 121 59 135 253 102 230 239 90 125 77 129 132 128 113 108 159 247 234 238 181 132 87 199 222 188 136 94 78 94 64 
41 32 111 113 211 242 60 208 241 230 234 232 241 244 242 142 95 241 233 181 221 246 245 233 213 209 226 234 226 229 235 128 
38 48 174 226 232 166 42 149 204 196 212 216 203 198 183 121 72 221 89 63 78 133 200 214 239 238 231 212 207 218 205 97 
16 32
23 25 26 25 23 21 19 21 28 39 48 50 43 36 25 18 18 25 29 24 21 22 25 25 26 27 28 29 29 30 28 35 
30 40 49 55 57 57 35 42 57 72 79 73 58 46 48 38 34 39 41 37 35 39 56 56 57 57 57 57 56 56 55 55 
18 146 231 221 247 245 139 111 180 213 210 205 201 195 197 136 40 88 182 132 46 113 206 219 203 209 225 209 203 215 216 122 
39 98 155 148 184 221 150 141 249 244 202 219 230 225 211 133 49 103 210 218 133 117 179 189 222 252 222 186 183 170 186 125 
12 43 101 70 118 222 138 127 222 146 57 46 34 85 96 57 21 39 113 202 161 82 66 148 222 237 157 49 39 88 105 72 
33 118 215 128 126 211 143 140 240 185 158 140 82 179 188 84 32 35 36 82 100 111 214 223 220 229 181 90 112 217 208 128 
16 110 221 143 159 219 122 120 219 170 182 221 169 225 153 47 28 68 60 60 70 130 193 138 137 210 237 215 212 213 142 84 
26 139 227 142 166 220 110 121 227 141 94 209 244 228 119 43 63 158 229 243 145 91 88 161 201 211 227 246 228 173 92 62 
44 166 232 171 183 229 124 139 238 137 37 155 242 190 80 30 77 159 212 243 176 141 206 234 170 129 200 253 244 182 110 59 
71 167 236 237 233 242 213 188 227 140 58 154 251 213 109 41 31 38 97 214 178 100 131 115 131 197 238 242 250 247 196 86 
81 120 120 105 112 180 199 173 240 152 113 222 226 245 177 84 49 37 103 205 174 105 123 193 242 184 194 235 193 201 229 145 
84 84 90 117 142 190 199 177 220 168 193 227 144 162 227 154 111 86 124 201 202 173 239 199 161 117 169 241 179 104 126 88 
122 201 240 219 190 208 174 163 240 223 216 142 63 140 197 159 110 97 156 224 210 151 133 96 139 208 239 225 148 70 52 50 
64 115 121 83 109 198 180 164 228 160 111 95 102 138 134 123 94 127 200 239 236 203 154 109 139 217 217 159 117 88 86 76 
39 46 75 109 169 226 149 119 223 249 237 222 239 241 239 180 127 185 233 204 205 231 251 238 210 212 220 220 225 214 232 169 
37 42 116 196 226 200 103 111 175 186 202 217 227 199 202 142 90 127 144 90 75 98 154 211 234 235 241 237 227 217 221 155 
